frame 0
Jaw [ -0.041 1.994 -0.043 ] [ 0.993 0.058 -0.102 -0.002 0.876 0.482 0.117 -0.478 0.87 ]

frame 1
frame 2
Spine [ 0 0 7 ] [ 1 0.002 0.003 -0.002 1 0.048 -0.003 -0.048 1 ]
Spine2 [ 0 0 7 ] [ 1 -0.003 -0.005 0.003 0.997 -0.078 0.006 0.078 0.997 ]
LShoulder [ -7 0 0 ] [ 0.04 -0.695 0.718 0.86 0.39 0.33 -0.509 0.604 0.613 ]
LElbow [ -10 0 0 ] [ 0.807 -0.442 0.391 0.502 0.862 -0.062 -0.309 0.246 0.919 ]
RShoulder [ 7 0 0 ] [ 0.448 0.365 -0.816 -0.876 0.361 -0.32 0.178 0.858 0.482 ]
RElbow [ 10 0 0 ] [ 0.725 0.607 0.325 -0.683 0.693 0.232 -0.085 -0.39 0.917 ]
Head [ 0 0 6 ] [ 1 0 0 0 1 0 0 0 1 ]
Jaw [ 0.155 1.741 0.959 ] [ 0.993 0.058 -0.101 -0.002 0.877 0.48 0.116 -0.476 0.872 ]

frame 3
LShoulder [ -7 0 0 ] [ 0.089 -0.735 0.672 0.832 0.426 0.355 -0.548 0.527 0.649 ]

frame 4
frame 5
frame 6
LElbow [ -10 0 0.003 ] [ 0.806 -0.445 0.393 0.505 0.861 -0.068 -0.31 0.245 0.917 ]

frame 7
Jaw [ 0.051 1.719 0.528 ] [ 0.993 0.057 -0.1 -0.003 0.88 0.475 0.115 -0.472 0.874 ]

frame 8
frame 9
Spine [ 0 0 7 ] [ 1 -0.01 -0.011 0.007 0.957 -0.291 0.013 0.291 0.957 ]
Spine2 [ 0 0 7 ] [ 1 -0.01 -0.007 0.007 0.941 -0.338 0.01 0.338 0.941 ]
Neck [ 0 0 6 ] [ 1 -0.008 0.005 0.009 0.933 -0.36 -0.002 0.36 0.933 ]

frame 10
frame 11
frame 12
frame 13
frame 14
Spine [ 0 0 7 ] [ 1 -0.017 -0.022 0.008 0.937 -0.35 0.027 0.35 0.937 ]
Spine2 [ 0 0 7 ] [ 1 -0.008 -0.013 0.005 0.981 -0.196 0.014 0.195 0.981 ]
Neck [ 0 0 6 ] [ 1 -0.015 0.009 0.017 0.844 -0.536 0 0.536 0.844 ]
LShoulder [ -7 0 0 ] [ 0.534 -0.845 -0.022 0.358 0.203 0.911 -0.766 -0.495 0.411 ]
RShoulder [ 7 0 0 ] [ 0.167 0.975 -0.149 -0.745 0.224 0.629 0.646 0.006 0.763 ]
Head [ 0 0 6 ] [ 1 0.004 0.023 -0.004 1 -0.013 -0.023 0.013 1 ]
Jaw [ 0.182 1.263 2.247 ] [ 0.993 0.057 -0.1 -0.003 0.881 0.473 0.115 -0.47 0.875 ]

