frame 0
LArm1 [ 4.838 0.391 0.58 ] [ 0.296 -0.557 -0.776 -0.029 0.807 -0.59 0.955 0.197 0.222 ]
LHip0 [ 3.552 -0.179 0.037 ] [ 1 0 0 0 1 0.022 0 -0.022 1 ]
LHip2 [ 0.107 -0.01 0.667 ] [ 1 0 0 0 1 0 0 0 1 ]
LKnee0 [ 0 -0.001 -10.583 ] [ 1 0 0 0 0.982 0.189 0 -0.189 0.982 ]
RHip0 [ -4.692 0.037 0.182 ] [ 1 0.023 0.013 0 0.497 -0.868 -0.026 0.867 0.497 ]
RKnee0 [ 0.591 -1.152 -11.464 ] [ 1 0.006 0 -0.004 0.747 0.665 0.004 -0.665 0.747 ]

frame 1
RKnee0 [ 0.225 -0.052 -12.443 ] [ 1 0.023 -0.007 -0.016 0.863 0.505 0.018 -0.505 0.863 ]

frame 2
frame 3
LArm1 [ 5.033 -0.058 0.24 ] [ 0.297 -0.089 -0.951 -0.03 0.994 -0.103 0.954 0.059 0.293 ]
LHip0 [ 4.029 -0.36 -0.47 ] [ 1 0 0 0 0.833 -0.553 0 0.553 0.833 ]

frame 4
LArm1 [ 5.207 -0.027 1.547 ] [ 0.281 0.078 -0.957 -0.028 0.997 0.073 0.959 0.006 0.282 ]
RArm1 [ -4.287 0.574 0.273 ] [ 0.367 0.626 0.688 0.078 0.716 -0.693 -0.927 0.308 0.214 ]
LHip0 [ 4.184 -0.387 -0.463 ] [ 1 0 0 0 0.704 -0.71 0 0.71 0.704 ]
LKnee0 [ -0.089 -0.05 -11.942 ] [ 1 0 0 0 0.652 0.758 0 -0.758 0.652 ]
LKnee1 [ -0.082 0.207 -3.566 ] [ 1 0 0 0 1 0 0 0 1 ]
RHip0 [ -3.533 -0.096 -0.583 ] [ 1 0 0.023 0 1 -0.004 -0.023 0.004 1 ]
RKnee0 [ 0.18 -0.059 -10.723 ] [ 0.997 0.074 -0.002 -0.074 0.995 -0.065 -0.003 0.065 0.998 ]
RKnee1 [ 0.005 -0.121 -4.359 ] [ 1 0 0 0 1 0 0 0 1 ]

frame 5
RKnee0 [ 0.323 -0.454 -10.864 ] [ 0.998 0.061 0 -0.06 0.988 0.143 0.009 -0.142 0.99 ]

frame 6
RKnee1 [ 0.011 -0.093 -4.177 ] [ 1 0 0 0 1 0 0 0 1 ]

frame 7
frame 8
LArm1 [ 4.959 0.282 0.735 ] [ 0.296 -0.525 -0.798 -0.029 0.83 -0.557 0.955 0.188 0.23 ]

frame 9
Base [ -0.013 0.006 1.975 ] [ 1 0 0 0 1 0 0 0 1 ]
Chest [ -0.223 0.043 18.775 ] [ 1 0 0 0 1 0 0 0 1 ]
LArm0 [ 2.931 0.099 0.067 ] [ 1 0 0 0 1 0 0 0 1 ]
LArm1 [ 4.897 0.359 0.532 ] [ 0.281 -0.652 -0.704 -0.028 0.728 -0.685 0.959 0.212 0.186 ]
LArm2 [ 9.749 0.736 0.069 ] [ 1 0 0 0 1 0 0 0 1 ]
LArm3 [ 4.769 0.488 0.25 ] [ 1 0 0 0 1 0 0 0 1 ]
LWrist [ 11.899 0 0 ] [ 1 0 0 0 1 0 0 0 1 ]
RArm0 [ -2.927 0.446 0.636 ] [ 1 0 0 0 1 0 0 0 1 ]
RArm1 [ -3.89 0.476 0.638 ] [ 0.367 -0.029 0.93 0.078 0.997 0 -0.927 0.073 0.368 ]
RArm2 [ -10.131 0.541 -0.075 ] [ 1 0 0 0 1 0 0 0 1 ]
RArm3 [ -4.93 0.447 0.071 ] [ 1 0 0 0 1 0 0 0 1 ]
RWrist [ -11.719 0 0 ] [ 1 0 0 0 1 0 0 0 1 ]
Neck0 [ 0.213 0.03 0.812 ] [ 1 0 0 0 1 0 0 0 1 ]
Head0 [ 0 0.054 3.686 ] [ 1 0 0 0 1 0 0 0 1 ]
Head1 [ 0 0 12.93 ] [ 1 0 0 0 1 0 0 0 1 ]
LHip0 [ 3.421 -0.221 -0.096 ] [ 1 0 0 0 1 0 0 0 1 ]
LHip1 [ 4.125 0 0.088 ] [ 1 0 0 0 1 0 0 0 1 ]
LHip2 [ 0.107 -0.035 0.629 ] [ 1 0 0 0 1 0 0 0 1 ]
LKnee0 [ 0 -0.047 -10.68 ] [ 1 0.026 0.024 -0.029 0.993 0.112 -0.021 -0.113 0.993 ]
LKnee1 [ -0.082 0.134 -4.606 ] [ 1 0 0 0 1 0 0 0 1 ]
LAnkle [ 0 -0.049 -12.38 ] [ 1 0 0 0 1 0 0 0 1 ]
LHeel [ 0 0 -4.68 ] [ 1 0 0 0 1 0 0 0 1 ]
RHip0 [ -4.628 0.089 0.182 ] [ 1 0.022 0.014 0 0.546 -0.838 -0.026 0.838 0.546 ]
RHip1 [ -3.513 -0.001 0.12 ] [ 1 0 -0.049 0 1 0 0.049 0 1 ]
RHip2 [ -0.106 -0.236 1.063 ] [ 1 0 0 0 1 0 0 0 1 ]
RKnee0 [ 0.894 -2.034 -11.428 ] [ 1 0.008 0.004 -0.008 0.56 0.828 0.004 -0.828 0.56 ]
RKnee1 [ 0.018 -0.05 -3.903 ] [ 1 0 0 0 1 0 0 0 1 ]
RAnkle [ -0.067 0 -12.464 ] [ 1 0 0 0 1 0 0 0 1 ]
RHeel [ 0 0 -4.88 ] [ 1 0 0 0 1 0 0 0 1 ]

