frame 0
LArm1 [ 5.888 0 0 ] [ 0.296 -0.557 -0.776 -0.029 0.807 -0.59 0.955 0.197 0.222 ]
LHip0 [ 5.296 0.035 0.037 ] [ 1 0 0 0 1 0.022 0 -0.022 1 ]
RHip0 [ -5.319 0.004 0.182 ] [ 1 0.023 0.013 0 0.497 -0.868 -0.026 0.867 0.497 ]
RKnee0 [ 0.225 -0.052 -12.443 ] [ 1 0.006 0 -0.004 0.747 0.665 0.004 -0.665 0.747 ]

frame 1
RKnee0 [ 0.225 -0.052 -12.443 ] [ 1 0.023 -0.007 -0.016 0.863 0.505 0.018 -0.505 0.863 ]

frame 2
frame 3
LArm1 [ 5.888 0 0 ] [ 0.297 -0.089 -0.951 -0.03 0.994 -0.103 0.954 0.059 0.293 ]

frame 4
LArm1 [ 5.888 0 0 ] [ 0.281 0.078 -0.957 -0.028 0.997 0.073 0.959 0.007 0.282 ]
RArm1 [ -5.863 0 0 ] [ 0.367 0.626 0.688 0.078 0.716 -0.693 -0.927 0.308 0.214 ]
LHip0 [ 5.296 0.035 0.037 ] [ 1 0 0 0 0.704 -0.71 0 0.71 0.704 ]
LKnee0 [ 0 -0.047 -12.658 ] [ 1 0 0 0 0.709 0.705 0 -0.705 0.709 ]
RHip0 [ -5.319 0.004 0.182 ] [ 1 0 0.023 0 1 -0.004 -0.023 0.004 1 ]
RKnee0 [ 0.225 -0.052 -12.443 ] [ 0.997 0.074 -0.029 -0.075 0.995 -0.063 0.024 0.065 0.998 ]

frame 5
frame 6
frame 7
frame 8
frame 9
Base [ -0.013 0.006 1.975 ] [ 1 0 0 0 1 0 0 0 1 ]
Chest [ -0.223 0.043 18.775 ] [ 1 0 0 0 1 0 0 0 1 ]
LArm0 [ 5.184 0 -0.08 ] [ 1 0 0 0 1 0 0 0 1 ]
LArm1 [ 5.888 0 0 ] [ 0.281 -0.652 -0.704 -0.028 0.728 -0.685 0.959 0.212 0.186 ]
LArm2 [ 12.235 0 0 ] [ 1 0 0 0 1 0 0 0 1 ]
LArm3 [ 6.269 0 0 ] [ 1 0 0 0 1 0 0 0 1 ]
LWrist [ 11.899 0 0 ] [ 1 0 0 0 1 0 0 0 1 ]
RArm0 [ -4.723 0 -0.08 ] [ 1 0 0 0 1 0 0 0 1 ]
RArm1 [ -5.863 0 0 ] [ 0.367 -0.029 0.93 0.078 0.997 0 -0.927 0.072 0.368 ]
RArm2 [ -11.903 0 0 ] [ 1 0 0 0 1 0 0 0 1 ]
RArm3 [ -6.391 0 0.112 ] [ 1 0 0 0 1 0 0 0 1 ]
RWrist [ -11.719 0 0 ] [ 1 0 0 0 1 0 0 0 1 ]
Neck0 [ 0.213 0.03 2.357 ] [ 1 0 0 0 1 0 0 0 1 ]
Head0 [ 0 0.054 5.32 ] [ 1 0 0 0 1 0 0 0 1 ]
Head1 [ 0 0 12.93 ] [ 1 0 0 0 1 0 0 0 1 ]
LHip0 [ 5.296 0.035 0.037 ] [ 1 0 0 0 1 0 0 0 1 ]
LHip1 [ 4.125 0 0.088 ] [ 1 0 0 0 1 0 0 0 1 ]
LHip2 [ 0.105 -0.053 -0.432 ] [ 1 0 0 0 1 0 0 0 1 ]
LKnee0 [ 0 -0.047 -12.658 ] [ 1 0 0 0 1 0 0 0 1 ]
LKnee1 [ 0 -0.045 -6.02 ] [ 1 0 0 0 1 0 0 0 1 ]
LAnkle [ 0 -0.049 -12.38 ] [ 1 0 0 0 1 0 0 0 1 ]
LHeel [ 0 0 -4.68 ] [ 1 0 0 0 1 0 0 0 1 ]
RHip0 [ -5.319 0.004 0.182 ] [ 1 0.022 0.014 0 0.546 -0.838 -0.026 0.837 0.546 ]
RHip1 [ -3.513 -0.001 0.12 ] [ 0.999 0 -0.049 0 1 0 0.049 0 0.999 ]
RHip2 [ -0.182 -0.055 -0.61 ] [ 1 0 0 0 1 0 0 0 1 ]
RKnee0 [ 0.225 -0.052 -12.443 ] [ 0.997 0.062 -0.038 -0.008 0.617 0.787 0.073 -0.785 0.616 ]
RKnee1 [ 0.056 -0.001 -6.137 ] [ 1 0 0 0 1 0 0 0 1 ]
RAnkle [ -0.067 0 -12.464 ] [ 1 0 0 0 1 0 0 0 1 ]
RHeel [ 0 0 -4.88 ] [ 1 0 0 0 1 0 0 0 1 ]

