frame 0
RHip [ -6.497 0 -4.63 ] [ 1 0 0 0 0.953 -0.303 0 0.303 0.953 ]
RKnee [ 0.004 0 -15.03 ] [ 1 0 0 0 0.967 0.253 0 -0.253 0.967 ]
LHip [ 6.249 0 -4.5 ] [ 1 0 0 0 0.991 0.131 0 -0.131 0.991 ]
LKnee [ 0.088 0 -15.16 ] [ 1 0 0 0 0.967 0.256 0 -0.256 0.967 ]
LAnkle [ -0.357 0 -14.428 ] [ 1 0 0 0 0.953 -0.302 0 0.302 0.953 ]

frame 1
frame 2
frame 3
frame 4
RHip [ -6.497 0 -4.63 ] [ 1 0 0 0 0.87 -0.494 0 0.494 0.87 ]
RAnkle [ 0 0 -14.434 ] [ 1 0 0 0 0.988 0.155 0 -0.155 0.988 ]
LHip [ 6.249 0 -4.5 ] [ 1 0 0 0 0.992 0.123 0 -0.123 0.992 ]

frame 5
RAnkle [ 0 0 -14.434 ] [ 1 0 0 0 0.993 -0.12 0 0.12 0.993 ]

frame 6
RHip [ -6.497 0 -4.63 ] [ 1 0 0 0 0.977 0.213 0 -0.213 0.977 ]
RAnkle [ 0 0 -14.434 ] [ 1 0 0 0 0.853 -0.523 0 0.523 0.853 ]
LHip [ 6.249 0 -4.5 ] [ 1 0 0 0 0.955 -0.297 0 0.297 0.955 ]
LKnee [ 0.088 0 -15.16 ] [ 1 0 0 0 0.377 0.926 0 -0.926 0.377 ]

frame 7
frame 8
frame 9
RHip [ -6.497 0 -4.63 ] [ 1 0 0 0 0.825 0.565 0 -0.565 0.825 ]
RKnee [ 0.004 0 -15.03 ] [ 1 0 0 0 0.913 0.408 0 -0.408 0.913 ]
RAnkle [ 0 0 -14.434 ] [ 1 0 0 0 0.994 -0.11 0 0.11 0.994 ]
LHip [ 6.249 0 -4.5 ] [ 1 0 0 0 0.831 -0.557 0 0.557 0.831 ]
LKnee [ 0.088 0 -15.16 ] [ 1 0 0 0 0.707 0.707 0 -0.707 0.707 ]
LAnkle [ -0.357 0 -14.428 ] [ 1 0 0 0 0.985 -0.174 0 0.174 0.985 ]

frame 10
frame 11
Base [ 0 -0.159 41.15 ] [ 1 0 0 0 1 0 0 0 1 ]
RKnee [ 0.004 0 -15.03 ] [ 1 0 0 0 0.574 0.819 0 -0.819 0.574 ]
LKnee [ 0.088 0 -15.16 ] [ 1 0 0 0 0.996 0.089 0 -0.089 0.996 ]

frame 12
Base [ 0 -0.173 37.735 ] [ 1 0 0 0 1 0 0 0 1 ]
RHip [ -6.497 0 -4.63 ] [ 1 0 0 0 0.912 -0.411 0 0.411 0.912 ]
RAnkle [ 0 0 -14.434 ] [ 1 0 0 0 1 0.003 0 -0.003 1 ]
LHip [ 6.249 0 -4.5 ] [ 1 0 0 0 0.946 0.324 0 -0.324 0.946 ]
LKnee [ 0.088 0 -15.16 ] [ 1 0 0 0 0.735 0.678 0 -0.678 0.735 ]
LAnkle [ -0.357 0 -14.428 ] [ 1 0 0 0 0.994 -0.113 0 0.113 0.994 ]

frame 13
frame 14
Base [ 0 -0.202 34.131 ] [ 1 0 0 0 1 0 0 0 1 ]
RHip [ -6.497 0 -4.63 ] [ 1 0 0 0 0.691 -0.723 0 0.723 0.691 ]
RAnkle [ 0 0 -14.434 ] [ 1 0 0 0 1 0.013 0 -0.013 1 ]
LHip [ 6.249 0 -4.5 ] [ 1 0 0 0 0.84 0.543 0 -0.543 0.84 ]
LAnkle [ -0.357 0 -14.428 ] [ 1 0 0 0 0.962 -0.272 0 0.272 0.962 ]

frame 15
frame 16
frame 17
LKnee [ 0.088 0 -15.16 ] [ 1 0 0 0 0.801 0.599 0 -0.599 0.801 ]

frame 18
RHip [ -6.497 0 -4.63 ] [ 1 0 0 0 0.974 -0.226 0 0.226 0.974 ]

frame 19
Base [ 0 0.016 41.178 ] [ 1 0 0 0 1 0 0 0 1 ]
RShoulder [ -7.058 0 0.87 ] [ 0.385 -0.011 0.923 -0.011 1 0.016 -0.923 -0.016 0.385 ]
RElbow [ -14.09 0 -0.08 ] [ 0.874 0.485 0.019 -0.485 0.871 0.08 0.022 -0.08 0.997 ]
LShoulder [ 6.906 0 1.11 ] [ 0.473 -0.009 -0.881 -0.009 1 -0.015 0.881 0.015 0.473 ]
LElbow [ 14.156 0 0.08 ] [ 0.889 -0.459 0.003 0.458 0.889 0.016 -0.01 -0.013 1 ]
RHip [ -6.497 0 -4.63 ] [ 1 0 0 0 1 -0.014 0 0.014 1 ]
RAnkle [ 0 0 -14.434 ] [ 1 0 0 0 1 0.015 0 -0.015 1 ]
LHip [ 6.249 0 -4.5 ] [ 1 0 0 0 1 -0.003 0 0.003 1 ]
LAnkle [ -0.357 0 -14.428 ] [ 1 0 0 0 1 -0.03 0 0.03 1 ]

