frame 0
frame 1
frame 2
frame 3
frame 4
auto-10 [ 5.214 -0.15 0.15 ] [ 1 0 0 0 0.964 -0.266 0 0.266 0.964 ]
auto-11 [ -5.514 -0.042 0.04 ] [ 1 0 0 0 0.948 -0.318 0 0.318 0.948 ]
auto-12 [ -5.793 -0.158 0.159 ] [ 1 0 0 0 0.985 0.174 0 -0.174 0.985 ]
auto-13 [ 5.858 -0.102 0.102 ] [ 1 0 0 0 0.96 0.278 0 -0.278 0.96 ]

frame 5
frame 6
frame 7
frame 8
auto-3 [ 0 -4.987 0.22 ] [ 1 0 0 0 1 0 0 0 1 ]
auto-10 [ 5.214 -0.15 0.15 ] [ 1 0 0 0 0.969 0.246 0 -0.246 0.969 ]

frame 9
auto-10 [ 5.214 -0.15 0.15 ] [ 1 0 0 0 0.937 0.348 0 -0.348 0.937 ]
auto-11 [ -5.514 -0.042 0.04 ] [ 1 0 0 0 0.909 0.417 0 -0.417 0.909 ]
auto-12 [ -5.793 -0.158 0.159 ] [ 1 0 0 0 0.819 -0.573 0 0.573 0.819 ]
auto-13 [ 5.858 -0.102 0.102 ] [ 1 0 0 0 0.903 -0.43 0 0.43 0.903 ]



frame 10
frame 11
frame 12
frame 13
frame 14
auto-10 [ 5.214 -0.15 0.15 ] [ 1 0 0 0 0.964 -0.266 0 0.266 0.964 ]
auto-11 [ -5.514 -0.042 0.04 ] [ 1 0 0 0 0.948 -0.318 0 0.318 0.948 ]
auto-12 [ -5.793 -0.158 0.159 ] [ 1 0 0 0 0.985 0.174 0 -0.174 0.985 ]
auto-13 [ 5.858 -0.102 0.102 ] [ 1 0 0 0 0.96 0.278 0 -0.278 0.96 ]

frame 15
frame 16
frame 17
frame 18
auto-3 [ 0 -4.987 0.22 ] [ 1 0 0 0 1 0 0 0 1 ]
auto-10 [ 5.214 -0.15 0.15 ] [ 1 0 0 0 0.969 0.246 0 -0.246 0.969 ]

frame 19
auto-10 [ 5.214 -0.15 0.15 ] [ 1 0 0 0 0.937 0.348 0 -0.348 0.937 ]
auto-11 [ -5.514 -0.042 0.04 ] [ 1 0 0 0 0.909 0.417 0 -0.417 0.909 ]
auto-12 [ -5.793 -0.158 0.159 ] [ 1 0 0 0 0.819 -0.573 0 0.573 0.819 ]
auto-13 [ 5.858 -0.102 0.102 ] [ 1 0 0 0 0.903 -0.43 0 0.43 0.903 ]



frame 20
frame 21
frame 22
frame 23
frame 24
auto-10 [ 5.214 -0.15 0.15 ] [ 1 0 0 0 0.964 -0.266 0 0.266 0.964 ]
auto-11 [ -5.514 -0.042 0.04 ] [ 1 0 0 0 0.948 -0.318 0 0.318 0.948 ]
auto-12 [ -5.793 -0.158 0.159 ] [ 1 0 0 0 0.985 0.174 0 -0.174 0.985 ]
auto-13 [ 5.858 -0.102 0.102 ] [ 1 0 0 0 0.96 0.278 0 -0.278 0.96 ]

frame 25
frame 26
frame 27
frame 28
auto-3 [ 0 -4.987 0.22 ] [ 1 0 0 0 1 0 0 0 1 ]
auto-10 [ 5.214 -0.15 0.15 ] [ 1 0 0 0 0.969 0.246 0 -0.246 0.969 ]

frame 29
auto-10 [ 5.214 -0.15 0.15 ] [ 1 0 0 0 0.937 0.348 0 -0.348 0.937 ]
auto-11 [ -5.514 -0.042 0.04 ] [ 1 0 0 0 0.909 0.417 0 -0.417 0.909 ]
auto-12 [ -5.793 -0.158 0.159 ] [ 1 0 0 0 0.819 -0.573 0 0.573 0.819 ]
auto-13 [ 5.858 -0.102 0.102 ] [ 1 0 0 0 0.903 -0.43 0 0.43 0.903 ]

