frame 0
RShoulder [ -7.058 0 0.87 ] [ 0.648 -0.13 0.75 0.082 0.991 0.101 -0.757 -0.004 0.653 ]
RElbow [ -14.09 0 -0.08 ] [ 0.806 -0.096 0.584 0.069 0.995 0.068 -0.588 -0.014 0.809 ]
LShoulder [ 6.906 0 1.11 ] [ 0.558 0.085 -0.825 -0.146 0.989 0.004 0.817 0.118 0.565 ]
LElbow [ 14.156 0 0.08 ] [ 0.854 0.063 -0.516 -0.083 0.996 -0.016 0.514 0.056 0.856 ]

frame 1
RElbow [ -14.09 0 -0.08 ] [ 0.806 -0.096 0.584 0.069 0.995 0.068 -0.588 -0.014 0.809 ]

frame 2
frame 3
frame 4
RShoulder [ -7.058 0 0.87 ] [ 0.648 -0.449 -0.615 0.082 -0.761 0.643 -0.757 -0.467 -0.457 ]
LShoulder [ 6.906 0 1.11 ] [ 0.558 -0.401 -0.726 -0.146 0.814 -0.562 0.817 0.42 0.396 ]

frame 5
RElbow [ -14.09 0 -0.093 ] [ 0.348 -0.214 0.913 0.005 0.974 0.226 -0.937 -0.074 0.34 ]

frame 6
RShoulder [ -7.058 0 0.87 ] [ 0.909 0.344 -0.237 0.063 -0.673 -0.737 -0.413 0.655 -0.633 ]

frame 7
