frame 0
RShoulder [ -7.058 0 0.87 ] [ 0.732 0 0.681 0 1 0 -0.681 0 0.732 ]
RElbow [ -14.09 0 -0.08 ] [ 0.785 0 0.62 0 1 0 -0.62 0 0.785 ]
RWrist [ -14.06 0 0 ] [ 0.994 0.111 -0.018 0.013 0.049 0.999 0.112 -0.993 0.047 ]
LShoulder [ 6.906 0 1.11 ] [ 0.615 0 -0.789 0 1 0 0.789 0 0.615 ]
LElbow [ 14.156 0 0.08 ] [ 0.882 -0.004 -0.471 -0.041 0.995 -0.086 0.469 0.096 0.878 ]

frame 1
frame 2
frame 3
frame 4

frame 5
frame 6
frame 7
frame 8
frame 9
frame 10
frame 11
frame 12
frame 13
frame 14
frame 15
frame 16
frame 17
frame 18
frame 19
