frame 0
RShoulder [ -7.058 0 0.87 ] [ 0.732 0 0.681 0 1 0 -0.681 0 0.732 ]
RElbow [ -14.09 0 -0.08 ] [ 0.785 0 0.62 0 1 0 -0.62 0 0.785 ]
RWrist [ -14.06 0 0 ] [ 0.994 0.111 -0.018 0.013 0.049 0.999 0.112 -0.993 0.047 ]
LShoulder [ 6.906 0 1.11 ] [ 0.615 0 -0.789 0 1 0 0.789 0 0.615 ]
LElbow [ 14.156 0 0.08 ] [ 0.882 -0.004 -0.471 -0.041 0.995 -0.086 0.469 0.096 0.878 ]

frame 1
frame 2
frame 3
frame 4
frame 5
frame 6
RElbow [ -14.09 0 -0.079 ] [ 0.592 0.584 0.555 -0.66 0.747 -0.082 -0.463 -0.318 0.828 ]
RWrist [ -14.059 0 0 ] [ 0.927 0.304 0.222 -0.169 -0.189 0.967 0.335 -0.934 -0.124 ]
LShoulder [ 6.906 0 1.11 ] [ 0.502 -0.503 -0.704 -0.016 0.808 -0.588 0.865 0.306 0.398 ]
LElbow [ 14.154 -0.001 -0.202 ] [ 0.598 -0.342 -0.724 0.237 0.939 -0.248 0.765 -0.024 0.643 ]
LWrist [ 14.019 0.161 -0.443 ] [ 1.004 0.063 -0.089 -0.062 0.992 -0.13 0.078 0.127 0.976 ]

frame 7
frame 8
frame 9
RShoulder [ -7.058 0 0.87 ] [ 0.472 0.011 0.882 -0.118 0.992 0.051 -0.874 -0.128 0.469 ]
RElbow [ -14.09 0 -0.08 ] [ 0.601 0.68 0.419 -0.637 0.725 -0.263 -0.483 -0.109 0.869 ]
RWrist [ -14.06 0 0 ] [ 0.912 0.407 0.051 -0.054 -0.003 0.999 0.406 -0.914 0.019 ]
LShoulder [ 6.906 0 1.11 ] [ 0.243 -0.737 -0.631 -0.067 0.636 -0.769 0.968 0.229 0.106 ]
LElbow [ 14.156 0 0.08 ] [ 0.754 -0.13 -0.644 0.002 0.981 -0.195 0.657 0.146 0.739 ]
LWrist [ 13.78 0 -0.4 ] [ 0.923 -0.372 -0.094 0.364 0.927 -0.096 0.123 0.055 0.991 ]

frame 10
frame 11
LShoulder [ 6.906 0 1.11 ] [ 0.413 -0.804 -0.428 -0.07 0.44 -0.895 0.908 0.4 0.126 ]
LElbow [ 14.156 0 0.015 ] [ 0.619 -0.008 -0.788 -0.094 0.992 -0.088 0.78 0.125 0.609 ]

frame 12
frame 13
frame 14
RShoulder [ -7.058 0 0.87 ] [ 0.406 0.03 0.914 -0.091 0.996 0.008 -0.91 -0.086 0.407 ]
RElbow [ -14.09 0 -0.079 ] [ -0.092 0.878 0.47 -0.795 0.22 -0.566 -0.6 -0.426 0.677 ]
RWrist [ -14.06 0 0 ] [ 0.984 0.177 0.013 0.044 -0.314 0.948 0.172 -0.933 -0.317 ]
LShoulder [ 6.906 0 1.11 ] [ 0.455 -0.44 -0.774 -0.016 0.865 -0.502 0.89 0.241 0.386 ]
LElbow [ 14.156 0 0.08 ] [ 0.84 -0.052 -0.54 -0.022 0.991 -0.129 0.542 0.121 0.832 ]
LWrist [ 13.78 0 -0.4 ] [ 0.923 -0.372 -0.094 0.364 0.927 -0.096 0.123 0.055 0.991 ]

frame 15
frame 16
frame 17
LElbow [ 14.156 0 0.08 ] [ 0.882 -0.004 -0.471 -0.041 0.995 -0.086 0.469 0.096 0.878 ]

frame 18
frame 19
