frame 0
RShoulder [ -7.058 0 0.87 ] [ 0.61 0.403 0.682 0 0.861 -0.509 -0.792 0.31 0.525 ]
RElbow [ -14.09 0 -0.08 ] [ 0.538 0.66 0.523 -0.525 0.749 -0.405 -0.659 -0.057 0.75 ]
LShoulder [ 6.906 0 1.11 ] [ 0.666 0 -0.746 0 1 0 0.746 0 0.666 ]
LElbow [ 14.156 0 0.08 ] [ 0.711 0 -0.703 0 1 0 0.703 0 0.711 ]

frame 1
RShoulder [ -7.058 0 0.87 ] [ 0.621 0.774 0.124 0 0.158 -0.987 -0.784 0.613 0.099 ]
RElbow [ -14.09 0 -0.08 ] [ 0.126 0.971 0.201 -0.769 0.224 -0.599 -0.627 -0.079 0.775 ]
LShoulder [ 6.906 0 1.11 ] [ 0.609 0.448 -0.655 -0.086 0.858 0.507 0.788 -0.252 0.561 ]
LElbow [ 14.156 0 0.08 ] [ 0.395 -0.81 -0.434 0.728 0.564 -0.389 0.56 -0.163 0.812 ]

frame 2
frame 3
frame 4
RShoulder [ -7.058 0 0.87 ] [ 0.61 0 0.792 0 1 0 -0.792 0 0.61 ]
RElbow [ -14.09 0 -0.08 ] [ 0.737 0 0.676 0 1 0 -0.676 0 0.737 ]
LShoulder [ 6.906 0 1.11 ] [ 0.666 0 -0.746 0 1 0 0.746 0 0.666 ]
LElbow [ 14.156 0 0.08 ] [ 0.711 0 -0.703 0 1 0 0.703 0 0.711 ]

