frame 0
frame 1
Base [ 0 -0.202 27.135 ] [ 1 0 0 0 1 0 0 0 1 ]
Torso1 [ 0 0 8.72 ] [ 0.997 -0.074 0.016 0.037 0.66 0.75 -0.066 -0.747 0.661 ]
RHip [ -6.497 0 -4.63 ] [ 1 0 0 0 0.053 -0.999 0 0.999 0.053 ]
RKnee [ 0.004 0 -15.03 ] [ 1 0 0 0 0.079 0.997 0 -0.997 0.079 ]
LHip [ 6.249 0 -4.5 ] [ 1 0 0 0 0.62 0.785 0 -0.785 0.62 ]
LKnee [ 0.088 0 -15.16 ] [ 1 0 0 0 0.933 0.36 0 -0.36 0.933 ]
LAnkle [ -0.357 0 -14.428 ] [ 1 0 0 0 1 0 0 0 1 ]

frame 2
LKnee [ 0.088 0 -15.16 ] [ 1 0 0 0 0.773 0.635 0 -0.635 0.773 ]

frame 3
LKnee [ 0.088 0 -15.16 ] [ 1 0 0 0 0.734 0.679 0 -0.679 0.734 ]

frame 4
Base [ 0 -0.202 40 ] [ 1 0 0 0 1 0 0 0 1 ]
Torso0 [ 0 0 0.5 ] [ 1 0 0 0 1 0 0 0 1 ]
Torso1 [ 0 0 8.72 ] [ 1 0 0 0 1 0 0 0 1 ]
Torso2 [ -0.023 0 7.15 ] [ 1 0 0 0 1 0 0 0 1 ]
Neck [ 0.003 0 5.07 ] [ 1 0 0 0 1 0 0 0 1 ]
RShoulder [ -7.058 0 0.87 ] [ 0.638 0.013 0.77 -0.013 1 -0.006 -0.77 -0.006 0.638 ]
RElbow [ -14.09 0 -0.08 ] [ 0.841 0.009 0.542 -0.009 1 -0.003 -0.542 -0.003 0.841 ]
LShoulder [ 6.906 0 1.11 ] [ 0.746 -0.012 -0.666 0.012 1 -0.004 0.666 -0.004 0.746 ]
LElbow [ 14.156 0 0.08 ] [ 0.717 -0.012 -0.697 0.012 1 -0.005 0.697 -0.005 0.718 ]
RHip [ -6.497 0 -4.63 ] [ 1 0 0 0 1 0 0 0 1 ]
RKnee [ 0.004 0 -15.03 ] [ 1 0 0 0 1 0 0 0 1 ]
RAnkle [ 0 0 -14.434 ] [ 1 0 0 0 1 0 0 0 1 ]
LHip [ 6.249 0 -4.5 ] [ 1 0 0 0 1 0 0 0 1 ]
LKnee [ 0.088 0 -15.16 ] [ 1 0 0 0 1 0 0 0 1 ]
LAnkle [ -0.357 0 -14.428 ] [ 1 0 0 0 1 0 0 0 1 ]

frame 5
frame 6
frame 7
