frame 0
Base [ -0.013 0.006 1.975 ] [ 1 0 0 0 1 0 0 0 1 ]
Chest [ -0.223 0.043 18.775 ] [ 1 0 0 0 1 0 0 0 1 ]
LArm0 [ 3.363 0 -0.08 ] [ 1 0 0 0 1 0 0 0 1 ]
LArm1 [ 3.829 0 0 ] [ 0.016 -0.849 -0.528 1 0.033 -0.023 0.037 -0.527 0.849 ]
LArm2 [ 9.78 0 0.079 ] [ 1 0 0 0 1 0 0 0 1 ]
LArm3 [ 4.21 0 0 ] [ 0.324 -0.852 -0.411 0.873 0.102 0.477 -0.365 -0.513 0.777 ]
LWrist [ 11.899 0 0 ] [ 1 0 0 0 1 0 0 0 1 ]
RArm0 [ -2.664 0 0 ] [ 1 0 0 0 1 0 0 0 1 ]
RArm1 [ -3.804 0 0 ] [ 0.121 0.871 0.475 -0.992 0.122 0.028 -0.033 -0.475 0.879 ]
RArm2 [ -10.319 0 0 ] [ 1 0 0 0 1 0 0 0 1 ]
RArm3 [ -4.411 0 0.112 ] [ 0.855 -0.011 -0.519 -0.002 1 -0.024 0.519 0.022 0.854 ]
RWrist [ -11.719 0 0 ] [ 1 0 0 0 1 0 0 0 1 ]
Neck0 [ 0.213 0.03 0.375 ] [ 1 0 0 0 1 0 0 0 1 ]
Head0 [ 0 0.054 3.572 ] [ 1 0 0 0 1 0 0 0 1 ]
Head1 [ 0 0 12.93 ] [ 1 0 0 0 1 0 0 0 1 ]
LHip0 [ 2.216 0.035 -2.804 ] [ 1 0 0 0 1 0 0 0 1 ]
LHip1 [ 4.125 0 0.088 ] [ 1 0 0 0 1 0 0 0 1 ]
LHip2 [ 0.105 -0.053 1.034 ] [ 1 0 0 0 1 0 0 0 1 ]
LKnee0 [ 0 -0.047 -10.544 ] [ 1 0 0 0 1 0 0 0 1 ]
LKnee1 [ 0 -0.045 -3.909 ] [ 1 0 0 0 1 0 0 0 1 ]
LAnkle [ 0 -0.049 -12.38 ] [ 1 0 0 0 1 0 0 0 1 ]
LHeel [ 0 0 -4.68 ] [ 1 0 0 0 1 0 0 0 1 ]
RHip0 [ -2.183 0.004 -2.356 ] [ 1 0 0.026 0 1 0 -0.026 0 1 ]
RHip1 [ -3.513 -0.001 0.12 ] [ 1 0 -0.049 0 1 0 0.049 0 1 ]
RHip2 [ -0.211 -0.055 0.67 ] [ 1 0 0 0 1 0 0 0 1 ]
RKnee0 [ 0.165 -0.052 -9.847 ] [ 1 0 0 0 1 0 0 0 1 ]
RKnee1 [ 0.005 -0.001 -3.926 ] [ 1 0 0 0 1 0 0 0 1 ]
RAnkle [ -0.067 0 -12.464 ] [ 1 0 0 0 1 0 0 0 1 ]
RHeel [ 0 0 -4.88 ] [ 1 0 0 0 1 0 0 0 1 ]

frame 1
frame 2
RArm1 [ -3.804 0 0 ] [ 0.121 0.871 0.475 -0.992 0.122 0.028 -0.033 -0.475 0.879 ]
RArm3 [ -4.411 0 0.112 ] [ 0.855 -0.011 -0.519 -0.002 1 -0.024 0.519 0.022 0.854 ]

frame 3
Base [ -0.013 0.006 1.975 ] [ 0.999 0.053 0.007 -0.051 0.984 -0.169 -0.016 0.169 0.986 ]
RArm1 [ -3.804 0 0 ] [ 0.121 0.632 0.765 -0.992 0.103 0.072 -0.033 -0.768 0.64 ]
RArm3 [ -4.411 0 0.112 ] [ 0.519 -0.041 -0.854 -0.042 0.996 -0.073 0.854 0.074 0.515 ]
LHip0 [ 2.216 0.035 -2.804 ] [ 1 -0.034 -0.01 0.035 0.993 0.113 0.006 -0.113 0.994 ]
RHip0 [ -2.183 0.004 -2.356 ] [ 1 -0.025 0.02 0.023 0.997 0.075 -0.022 -0.074 0.997 ]

frame 4
frame 5
