frame 0
Base [ -0.013 0.006 1.975 ] [ 1 0 0 0 1 0 0 0 1 ]
Chest [ -0.223 0.043 18.775 ] [ 1 0 0 0 1 0 0 0 1 ]
LArm0 [ 3.363 0 -0.08 ] [ 1 0 0 0 1 0 0 0 1 ]
LArm1 [ 3.829 0 0 ] [ 0.293 -0.785 -0.546 0.953 0.283 0.105 0.072 -0.551 0.831 ]
LArm2 [ 9.78 0 0.079 ] [ 1 0 0 0 1 0 0 0 1 ]
LArm3 [ 4.21 0 0 ] [ -0.016 -0.99 -0.142 0.99 -0.035 0.138 -0.141 -0.138 0.98 ]
LWrist [ 11.899 0 0 ] [ 1 0 0 0 1 0 0 0 1 ]
RArm0 [ -2.664 0 0 ] [ 1 0 0 0 1 0 0 0 1 ]
RArm1 [ -3.977 1.026 0.411 ] [ 0.077 0.887 0.455 -0.01 0.457 -0.889 -0.997 0.064 0.044 ]
RArm2 [ -10.319 0 0 ] [ 1 0 0 0 1 0 0 0 1 ]
RArm3 [ -4.411 0 0.112 ] [ 0.859 0.511 0.039 -0.51 0.86 -0.026 -0.047 0.003 0.999 ]
RWrist [ -11.719 0 0 ] [ 1 0 0 0 1 0 0 0 1 ]
Neck0 [ 0.213 0.03 0.375 ] [ 1 0 0 0 1 0 0 0 1 ]
Head0 [ 0 0.054 3.572 ] [ 1 0 0 0 1 0 0 0 1 ]
Head1 [ 0 0 12.93 ] [ 1 0 0 0 1 0 0 0 1 ]
LHip0 [ 2.216 0.035 -2.804 ] [ 1 0 0 0 1 0 0 0 1 ]
LHip1 [ 4.125 0 0.088 ] [ 1 0 0 0 1 0 0 0 1 ]
LHip2 [ 0.105 -0.053 1.034 ] [ 1 0 0 0 1 0 0 0 1 ]
LKnee0 [ 0 -0.047 -10.544 ] [ 1 0 0 0 1 0 0 0 1 ]
LKnee1 [ 0 -0.045 -3.909 ] [ 1 0 0 0 1 0 0 0 1 ]
LAnkle [ 0 -0.049 -12.38 ] [ 1 0 0 0 1 0 0 0 1 ]
LHeel [ 0 0 -4.68 ] [ 1 0 0 0 1 0 0 0 1 ]
RHip0 [ -2.183 0.004 -2.356 ] [ 1 0 0.026 0 1 0 -0.026 0 1 ]
RHip1 [ -3.513 -0.001 0.12 ] [ 1 0 -0.049 0 1 0 0.049 0 1 ]
RHip2 [ -0.211 -0.055 0.67 ] [ 1 0 0 0 1 0 0 0 1 ]
RKnee0 [ 0.165 -0.052 -9.847 ] [ 1 0 0 0 1 0 0 0 1 ]
RKnee1 [ 0.005 -0.001 -3.926 ] [ 1 0 0 0 1 0 0 0 1 ]
RAnkle [ -0.067 0 -12.464 ] [ 1 0 0 0 1 0 0 0 1 ]
RHeel [ 0 0 -4.88 ] [ 1 0 0 0 1 0 0 0 1 ]

frame 1
frame 2
frame 3
Base [ -0.013 0.006 1.975 ] [ 1 0.01 0 -0.01 0.998 -0.055 0 0.055 0.998 ]
LArm3 [ 4.21 0 0 ] [ 0.995 -0.096 -0.004 0.096 0.987 0.125 -0.008 -0.125 0.992 ]
RArm1 [ -3.977 1.026 0.411 ] [ -0.043 0.998 0.047 -0.095 0.042 -0.995 -0.995 -0.048 0.093 ]
RArm3 [ -4.411 0 0.112 ] [ 0.994 0.072 -0.082 -0.078 0.994 -0.073 0.077 0.079 0.994 ]
LHip0 [ 2.216 0.035 -2.804 ] [ 1 -0.001 -0.002 0.001 1 0.005 0.002 -0.005 1 ]
RHip0 [ -2.183 0.004 -2.356 ] [ 1 -0.01 0.023 0.009 0.999 0.05 -0.024 -0.049 0.999 ]

frame 4
Base [ -0.013 0.006 1.975 ] [ 0.999 0.047 -0.002 -0.046 0.963 -0.265 -0.011 0.265 0.964 ]
RArm1 [ -3.977 1.026 0.411 ] [ 0.001 0.96 0.279 -0.087 0.278 -0.957 -0.996 -0.023 0.084 ]
LHip0 [ 2.216 0.035 -2.804 ] [ 0.998 -0.055 -0.015 0.057 0.947 0.317 -0.004 -0.318 0.948 ]
RHip0 [ -2.183 0.004 -2.356 ] [ 0.998 -0.057 0.013 0.051 0.957 0.285 -0.028 -0.284 0.959 ]

frame 5
RArm1 [ -3.977 1.026 0.411 ] [ -0.158 0.984 -0.086 -0.128 -0.106 -0.986 -0.979 -0.145 0.142 ]

frame 6
frame 7
frame 8
frame 9
RArm1 [ -3.977 1.026 0.411 ] [ -0.088 0.992 0.087 -0.095 0.078 -0.992 -0.992 -0.096 0.087 ]

frame 10
frame 11
frame 12
frame 13
frame 14
frame 15
frame 16
frame 17
