frame 0
Base [ -0.013 0.006 1.975 ] [ 1 0 0 0 1 0 0 0 1 ]
Chest [ -0.223 0.043 18.775 ] [ 1 0 0 0 1 0 0 0 1 ]
LArm0 [ 3.363 0 -0.08 ] [ 1 0 0 0 1 0 0 0 1 ]
LArm1 [ 3.829 0 0 ] [ 0.199 -0.741 -0.641 0.977 0.094 0.193 -0.083 -0.664 0.743 ]
LArm2 [ 9.78 0 0.079 ] [ 1 0 0 0 1 0 0 0 1 ]
LArm3 [ 4.21 0 0 ] [ 0.287 -0.955 0.074 0.89 0.294 0.349 -0.355 -0.034 0.934 ]
LWrist [ 11.899 0 0 ] [ 1 0 0 0 1 0 0 0 1 ]
RArm0 [ -2.664 0 0 ] [ 1 0 0 0 1 0 0 0 1 ]
RArm1 [ -3.804 0 0 ] [ 0.232 0.802 0.55 -0.971 0.224 0.084 -0.056 -0.554 0.831 ]
RArm2 [ -10.319 0 0 ] [ 1 0 0 0 1 0 0 0 1 ]
RArm3 [ -4.411 0 0.112 ] [ 0.828 0.191 -0.527 -0.225 0.974 0 0.513 0.119 0.85 ]
RWrist [ -11.719 0 0 ] [ 1 0 0 0 1 0 0 0 1 ]
Neck0 [ 0.213 0.03 0.375 ] [ 1 0 0 0 1 0 0 0 1 ]
Head0 [ 0 0.054 3.572 ] [ 1 0 0 0 1 0 0 0 1 ]
Head1 [ 0 0 12.93 ] [ 1 0 0 0 1 0 0 0 1 ]
LHip0 [ 2.216 0.035 -2.804 ] [ 1 0 0 0 1 0 0 0 1 ]
LHip1 [ 4.125 0 0.088 ] [ 1 0 0 0 1 0 0 0 1 ]
LHip2 [ 0.105 -0.053 1.034 ] [ 1 0 0 0 1 0 0 0 1 ]
LKnee0 [ 0 -0.047 -10.544 ] [ 1 0 0 0 1 0 0 0 1 ]
LKnee1 [ 0 -0.045 -3.909 ] [ 1 0 0 0 1 0 0 0 1 ]
LAnkle [ 0 -0.049 -12.38 ] [ 1 0 0 0 1 0 0 0 1 ]
LHeel [ 0 0 -4.68 ] [ 1 0 0 0 1 0 0 0 1 ]
RHip0 [ -2.183 0.004 -2.356 ] [ 1 0 0.026 0 1 0 -0.026 0 1 ]
RHip1 [ -3.513 -0.001 0.12 ] [ 1 0 -0.049 0 1 0 0.049 0 1 ]
RHip2 [ -0.211 -0.055 0.67 ] [ 1 0 0 0 1 0 0 0 1 ]
RKnee0 [ 0.165 -0.052 -9.847 ] [ 1 0 0 0 1 0 0 0 1 ]
RKnee1 [ 0.005 -0.001 -3.926 ] [ 1 0 0 0 1 0 0 0 1 ]
RAnkle [ -0.067 0 -12.464 ] [ 1 0 0 0 1 0 0 0 1 ]
RHeel [ 0 0 -4.88 ] [ 1 0 0 0 1 0 0 0 1 ]

frame 1
frame 2
Base [ -1.801 -0.025 -9.318 ] [ 1 0 0 0 1 0 0 0 1 ]
LHip0 [ 2.216 0.035 -2.804 ] [ 0.981 0.094 0.17 0.166 0.05 -0.985 -0.101 0.994 0.033 ]
LKnee1 [ 0 -0.045 -3.909 ] [ 0.963 0.057 -0.263 0.26 0.053 0.964 0.069 -0.997 0.036 ]
RHip0 [ -2.183 0.004 -2.356 ] [ 1 0.026 -0.002 0 -0.069 -0.998 -0.026 0.997 -0.069 ]
RKnee1 [ 0.005 0 -3.926 ] [ 1 0.023 0.024 -0.023 -0.049 0.999 0.024 -0.999 -0.049 ]

frame 3
Base [ -1.546 -0.021 -7.705 ] [ 1 0 0 0 0.98 -0.197 0 0.197 0.98 ]
LHip0 [ 2.216 0.035 -2.804 ] [ 0.986 0.054 0.158 0.121 0.426 -0.897 -0.116 0.903 0.413 ]
RHip0 [ -2.183 0.004 -2.356 ] [ 1 0.021 0.007 -0.002 0.373 -0.928 -0.022 0.927 0.373 ]

frame 4
RArm1 [ -3.804 0 0 ] [ 0.177 0.957 0.229 -0.984 0.174 0.036 -0.006 -0.232 0.973 ]
RArm3 [ -4.411 0 0.112 ] [ 0.48 0.227 -0.847 -0.289 0.953 0.092 0.828 0.201 0.523 ]

frame 5
Base [ -1.035 -0.012 -4.478 ] [ 1 0 0 0 1 -0.018 0 0.018 1 ]

frame 6
frame 7
frame 8
