frame 0
Base [ -0.013 0.006 1.975 ] [ 1 0 0 0 1 -0.037 0 0.037 1 ]
Chest [ -0.223 0.043 18.775 ] [ 1 0 0 0 1 0 0 0 1 ]
LArm0 [ 3.363 0 -0.08 ] [ 1 0 0 0 1 0 0 0 1 ]
LArm1 [ 3.829 0 0 ] [ 0.154 -0.676 -0.721 0.988 0.105 0.112 0 -0.73 0.684 ]
LArm2 [ 9.78 0 0.079 ] [ 1 0 0 0 1 0 0 0 1 ]
LArm3 [ 4.21 0 0 ] [ 0.075 -0.996 -0.051 0.99 0.081 -0.119 0.123 -0.041 0.992 ]
LWrist [ 11.899 0 0 ] [ 1 0 0 0 1 0 0 0 1 ]
RArm0 [ -2.664 0 0 ] [ 1 0 0 0 1 0 0 0 1 ]
RArm1 [ -3.804 0 0 ] [ 0.308 0.622 0.72 -0.286 0.782 -0.553 -0.907 -0.035 0.419 ]
RArm2 [ -10.319 0 0 ] [ 1 0 0 0 1 0 0 0 1 ]
RArm3 [ -4.411 0 0.112 ] [ 0.225 0.969 -0.105 -0.974 0.226 -0.003 0.021 0.103 0.994 ]
RWrist [ -11.719 0 0 ] [ 1 0 0 0 1 0 0 0 1 ]
Neck0 [ 0.213 0.03 0.375 ] [ 1 0 0 0 1 0 0 0 1 ]
Head0 [ 0 0.054 3.572 ] [ 1 0 0 0 1 0 0 0 1 ]
Head1 [ 0 0 12.93 ] [ 1 0 0 0 1 0 0 0 1 ]
LHip0 [ 2.216 0.035 -2.804 ] [ 1 0 0 0 1 0 0 0 1 ]
LHip1 [ 4.125 0 0.088 ] [ 1 0 0 0 1 0 0 0 1 ]
LHip2 [ 0.105 -0.053 1.034 ] [ 1 0 0 0 1 0 0 0 1 ]
LKnee0 [ 0 -0.047 -10.544 ] [ 1 0 0 0 1 0 0 0 1 ]
LKnee1 [ 0 -0.045 -3.909 ] [ 1 0 0 0 1 0 0 0 1 ]
LAnkle [ 0 -0.049 -12.38 ] [ 1 0 0 0 1 0 0 0 1 ]
LHeel [ 0 0 -4.68 ] [ 1 0 0 0 1 0 0 0 1 ]
RHip0 [ -2.183 0.004 -2.356 ] [ 1 0 0.026 0 1 0 -0.026 0 1 ]
RHip1 [ -3.513 -0.001 0.12 ] [ 1 0 -0.049 0 1 0 0.049 0 1 ]
RHip2 [ -0.211 -0.055 0.67 ] [ 1 0 0 0 1 0 0 0 1 ]
RKnee0 [ 0.165 -0.052 -9.847 ] [ 1 0 0 0 1 0 0 0 1 ]
RKnee1 [ 0.005 -0.001 -3.926 ] [ 1 0 0 0 1 0 0 0 1 ]
RAnkle [ -0.067 0 -12.464 ] [ 1 0 0 0 1 0 0 0 1 ]
RHeel [ 0 0 -4.88 ] [ 1 0 0 0 1 0 0 0 1 ]

frame 1
frame 2
Base [ -0.013 0.006 1.975 ] [ 1 0 0 0 0.956 -0.293 0 0.293 0.956 ]
RArm3 [ -4.411 0 0.112 ] [ 0.679 0.716 0.16 -0.719 0.693 -0.054 -0.15 -0.078 0.986 ]
LHip0 [ 2.216 0.035 -2.804 ] [ 1 0 0 0 0.967 0.255 0 -0.255 0.967 ]
RHip0 [ -2.183 0.004 -2.356 ] [ 1 -0.007 0.025 0 0.964 0.266 -0.026 -0.266 0.964 ]

frame 3
RArm3 [ -4.411 0 0.112 ] [ 0.178 0.977 0.116 -0.981 0.186 -0.058 -0.078 -0.104 0.992 ]

frame 4
frame 5
frame 6
frame 7
frame 8
frame 9
frame 10
frame 11
