frame 0
Base [ -0.013 8.301 6.382 ] [ 1 0 0 0 0.345 -0.938 0 0.938 0.345 ]
Chest [ -0.223 0.043 18.775 ] [ 1 0 0 0 1 0 0 0 1 ]
LArm0 [ 3.363 0 -0.08 ] [ 1 0 0 0 1 0 0 0 1 ]
LArm1 [ 3.829 0 0 ] [ 0.162 -0.987 0 0.987 0.162 0 0 0 1 ]
LArm2 [ 9.78 0 0.079 ] [ 1 0 0 0 1 0 0 0 1 ]
LArm3 [ 4.21 0 0 ] [ 1 0 0 0 1 0 0 0 1 ]
LWrist [ 11.899 0 0 ] [ 1 0 0 0 1 0 0 0 1 ]
RArm0 [ -2.664 0 0 ] [ 1 0 0 0 1 0 0 0 1 ]
RArm1 [ -3.804 0 0 ] [ 0.121 0.993 0 -0.993 0.121 0 0 0 1 ]
RArm2 [ -10.319 0 0 ] [ 1 0 0 0 1 0 0 0 1 ]
RArm3 [ -4.411 0 0.112 ] [ 1 0 0 0 1 0 0 0 1 ]
RWrist [ -11.719 0 0 ] [ 1 0 0 0 1 0 0 0 1 ]
Neck0 [ 0.213 0.03 0.375 ] [ 1 0 0 0 1 0 0 0 1 ]
Head0 [ 0 0.054 3.572 ] [ 1 0 0 0 1 0 0 0 1 ]
Head1 [ 0 0 12.93 ] [ 1 0 0 0 1 0 0 0 1 ]
LHip0 [ 2.216 0.035 -2.804 ] [ 1 0 0 0 1 0 0 0 1 ]
LHip1 [ 4.125 0 0.088 ] [ 1 0 0 0 1 0 0 0 1 ]
LHip2 [ 0.105 -0.053 1.034 ] [ 1 0 0 0 1 0 0 0 1 ]
LKnee0 [ 0 -0.047 -10.544 ] [ 1 0 0 0 1 0 0 0 1 ]
LKnee1 [ 0 -0.045 -3.909 ] [ 1 0 0 0 1 0 0 0 1 ]
LAnkle [ 0 -0.049 -12.38 ] [ 1 0 0 0 1 0 0 0 1 ]
LHeel [ 0 0 -4.68 ] [ 1 0 0 0 1 0 0 0 1 ]
RHip0 [ -2.183 0.004 -2.356 ] [ 1 0 0.026 0 1 0 -0.026 0 1 ]
RHip1 [ -3.513 -0.001 0.12 ] [ 1 0 -0.049 0 1 0 0.049 0 1 ]
RHip2 [ -0.211 -0.055 0.67 ] [ 1 0 0 0 1 0 0 0 1 ]
RKnee0 [ 0.165 -0.052 -9.847 ] [ 1 0 0 0 1 0 0 0 1 ]
RKnee1 [ 0.005 -0.001 -3.926 ] [ 1 0 0 0 1 0 0 0 1 ]
RAnkle [ -0.067 0 -12.464 ] [ 1 0 0 0 1 0 0 0 1 ]
RHeel [ 0 0 -4.88 ] [ 1 0 0 0 1 0 0 0 1 ]

frame 1
frame 2
frame 3
frame 4
frame 5
frame 6
frame 7
frame 8
frame 9
Base [ -0.013 11.488 -23.518 ] [ 1 0 0 0 0.016 -1 0 1 0.016 ]
Chest [ -0.223 0.043 18.775 ] [ 1 0 0 0 0.879 0.476 0 -0.476 0.879 ]
RArm1 [ -3.804 0 0 ] [ 0.121 0.803 0.583 -0.993 0.098 0.071 0 -0.587 0.809 ]

frame 10
frame 11
frame 12
frame 13
frame 14
frame 15
frame 16
frame 17
frame 18
LArm1 [ 3.829 0 0 ] [ 0.288 -0.564 -0.774 0.95 0.268 0.159 0.118 -0.781 0.613 ]

frame 19
LArm1 [ 3.829 0 0 ] [ 0.289 -0.521 -0.803 0.948 0.271 0.165 0.132 -0.809 0.573 ]
RArm1 [ -3.804 0 0 ] [ 0.057 0.839 0.542 -0.998 0.054 0.02 -0.013 -0.542 0.84 ]

frame 20
frame 21
frame 22
frame 23
frame 24
frame 25
frame 26
frame 27
frame 28
frame 29
frame 30
frame 31
frame 32
frame 33
frame 34
Base [ -0.013 12.289 -22.724 ] [ 1 0 0 0 -0.011 -1 0 1 -0.011 ]
LArm1 [ 3.829 0 0 ] [ 0.24 -0.409 -0.881 0.93 0.357 0.088 0.278 -0.84 0.466 ]
LArm3 [ 4.21 0 0 ] [ 0.691 -0.605 -0.395 0.713 0.661 0.234 0.119 -0.443 0.889 ]
RArm1 [ -3.804 0 0 ] [ 0.122 0.323 0.939 -0.993 0.04 0.115 0 -0.946 0.325 ]
RArm3 [ -4.411 0 0.112 ] [ 0.937 0.349 0.021 -0.343 0.905 0.25 0.069 -0.241 0.968 ]

