frame 0
Base [ -0.013 0.006 1.975 ] [ 1 0 0 0 1 0 0 0 1 ]
Chest [ -0.223 0.043 18.775 ] [ 1 0 0 0 1 0 0 0 1 ]
LArm0 [ 3.363 0 -0.08 ] [ 1 0 0 0 1 0 0 0 1 ]
LArm1 [ 3.829 0 0 ] [ 0.247 -0.795 -0.554 0.969 0.208 0.133 0.009 -0.57 0.822 ]
LArm2 [ 9.78 0 0.079 ] [ 1 0 0 0 1 0 0 0 1 ]
LArm3 [ 4.21 0 0 ] [ 0.102 -0.979 -0.176 0.992 0.087 0.093 -0.076 -0.184 0.98 ]
LWrist [ 11.899 0 0 ] [ 1 0 0 0 1 0 0 0 1 ]
RArm0 [ -2.664 0 0 ] [ 1 0 0 0 1 0 0 0 1 ]
RArm1 [ -3.804 0 0 ] [ 0.108 0.827 0.552 -0.994 0.095 0.053 -0.009 -0.554 0.832 ]
RArm2 [ -10.319 0 0 ] [ 1 0 0 0 1 0 0 0 1 ]
RArm3 [ -4.411 0 0.112 ] [ 0.797 0.016 -0.604 -0.048 0.998 -0.037 0.603 0.059 0.796 ]
RWrist [ -11.719 0 0 ] [ 1 0 0 0 1 0 0 0 1 ]
Neck0 [ 0.213 0.03 0.375 ] [ 1 0 0 0 1 0 0 0 1 ]
Head0 [ 0 0.054 3.572 ] [ 1 0 0 0 1 0 0 0 1 ]
Head1 [ 0 0 12.93 ] [ 1 0 0 0 1 0 0 0 1 ]
LHip0 [ 2.216 0.035 -2.804 ] [ 1 0 0 0 1 0 0 0 1 ]
LHip1 [ 4.125 0 0.088 ] [ 1 0 0 0 1 0 0 0 1 ]
LHip2 [ 0.105 -0.053 1.034 ] [ 1 0 0 0 1 0 0 0 1 ]
LKnee0 [ 0 -0.047 -10.544 ] [ 1 0 0 0 1 0 0 0 1 ]
LKnee1 [ 0 -0.045 -3.909 ] [ 1 0 0 0 1 0 0 0 1 ]
LAnkle [ 0 -0.049 -12.38 ] [ 1 0 0 0 1 0 0 0 1 ]
LHeel [ 0 0 -4.68 ] [ 1 0 0 0 1 0 0 0 1 ]
RHip0 [ -2.183 0.004 -2.356 ] [ 1 0 0.026 0 1 0 -0.026 0 1 ]
RHip1 [ -3.513 -0.001 0.12 ] [ 1 0 -0.049 0 1 0 0.049 0 1 ]
RHip2 [ -0.211 -0.055 0.67 ] [ 1 0 0 0 1 0 0 0 1 ]
RKnee0 [ 0.165 -0.052 -9.847 ] [ 1 0 0 0 1 0 0 0 1 ]
RKnee1 [ 0.005 -0.001 -3.926 ] [ 1 0 0 0 1 0 0 0 1 ]
RAnkle [ -0.067 0 -12.464 ] [ 1 0 0 0 1 0 0 0 1 ]
RHeel [ 0 0 -4.88 ] [ 1 0 0 0 1 0 0 0 1 ]

frame 1
Base [ -0.013 0.006 -8.668 ] [ 0.947 -0.263 -0.185 0.282 0.405 0.87 -0.154 -0.876 0.457 ]
RArm1 [ -3.804 0 0 ] [ -0.068 0.951 -0.301 -0.968 -0.136 -0.21 -0.241 0.277 0.93 ]
RArm3 [ -4.411 0 0.112 ] [ -0.135 -0.116 -0.984 -0.455 0.89 -0.043 0.88 0.442 -0.173 ]
LHip2 [ 0.105 -0.053 1.034 ] [ 0.85 0.526 0.04 0.25 -0.336 -0.908 -0.464 0.782 -0.417 ]
LKnee1 [ 0 -0.045 -3.909 ] [ 0.945 0.006 -0.327 0.278 0.512 0.813 0.172 -0.859 0.482 ]
RHip0 [ -2.183 0.004 -2.356 ] [ 0.848 0.527 0.058 0.217 -0.244 -0.945 -0.484 0.814 -0.321 ]
RKnee1 [ 0.005 0 -3.926 ] [ 0.962 0 -0.274 0.211 0.638 0.741 0.175 -0.77 0.614 ]

frame 2
frame 3
frame 4
