frame 0
Base [ -0.013 0.006 1.975 ] [ 0.991 -0.092 0.1 0.117 0.95 -0.288 -0.068 0.297 0.952 ]
Chest [ -0.223 0.043 18.775 ] [ 1 0 0 0 1 0 0 0 1 ]
LArm0 [ 3.363 0 -0.08 ] [ 1 0 0 0 1 0 0 0 1 ]
LArm1 [ 3.829 0 0 ] [ 0.254 -0.838 -0.483 0.967 0.228 0.113 0.015 -0.496 0.868 ]
LArm2 [ 9.78 0 0.079 ] [ 1 0 0 0 1 0 0 0 1 ]
LArm3 [ 4.21 0 0 ] [ 0.656 -0.749 -0.094 0.7 0.557 0.448 -0.283 -0.359 0.889 ]
LWrist [ 11.899 0 0 ] [ 1 0 0 0 1 0 0 0 1 ]
RArm0 [ -2.664 0 0 ] [ 1 0 0 0 1 0 0 0 1 ]
RArm1 [ -3.804 0 0 ] [ 0.652 0.495 0.575 -0.406 0.868 -0.286 -0.641 -0.047 0.766 ]
RArm2 [ -10.319 0 0 ] [ 1 0 0 0 1 0 0 0 1 ]
RArm3 [ -4.411 0 0.112 ] [ 1 0 0 0 1 0 0 0 1 ]
RWrist [ -11.719 0 0 ] [ 1 0 0 0 1 0 0 0 1 ]
Neck0 [ 0.213 0.03 0.375 ] [ 1 0 0 0 1 0 0 0 1 ]
Head0 [ 0 0.054 3.572 ] [ 1 0 0 0 1 0 0 0 1 ]
Head1 [ 0 0 12.93 ] [ 1 0 0 0 1 0 0 0 1 ]
LHip0 [ 2.216 0.035 -2.804 ] [ 1 -0.016 -0.041 0.028 0.949 0.313 0.034 -0.314 0.949 ]
LHip1 [ 4.125 0 0.088 ] [ 1 0 0 0 1 0 0 0 1 ]
LHip2 [ 0.105 -0.053 1.034 ] [ 1 0 0 0 1 0 0 0 1 ]
LKnee0 [ 0 -0.047 -10.544 ] [ 1 -0.008 0.025 0.008 1 0 -0.025 0 1 ]
LKnee1 [ 0 -0.045 -3.909 ] [ 1 0 0 0 1 0 0 0 1 ]
LAnkle [ 0 -0.049 -12.38 ] [ 1 0 0 0 1 0 0 0 1 ]
LHeel [ 0 0 -4.68 ] [ 1 0 0 0 1 0 0 0 1 ]
RHip0 [ -2.183 0.004 -2.356 ] [ 1 -0.024 -0.015 0.027 0.951 0.309 0.007 -0.31 0.951 ]
RHip1 [ -3.513 -0.001 0.12 ] [ 1 0 -0.049 0 1 0 0.049 0 1 ]
RHip2 [ -0.211 -0.055 0.67 ] [ 1 0 0 0 1 0 0 0 1 ]
RKnee0 [ 0.165 -0.052 -9.847 ] [ 1 0 0 0 1 0 0 0 1 ]
RKnee1 [ 0.005 -0.001 -3.926 ] [ 1 0 0 0 1 0 0 0 1 ]
RAnkle [ -0.067 0 -12.464 ] [ 1 0 0 0 1 0 0 0 1 ]
RHeel [ 0 0 -4.88 ] [ 1 0 0 0 1 0 0 0 1 ]

frame 1
frame 2
frame 3
frame 4
frame 5
Base [ -0.013 0.006 1.975 ] [ 0.995 -0.095 -0.015 0.079 0.719 0.69 -0.055 -0.688 0.723 ]
LArm1 [ 3.829 0 0 ] [ 0.635 -0.748 0.195 0.685 0.428 -0.589 0.357 0.507 0.784 ]
LArm3 [ 4.21 0 0 ] [ -0.301 -0.953 -0.011 0.939 -0.299 0.17 -0.165 0.041 0.985 ]
RArm3 [ -4.412 -0.001 0.133 ] [ 0.934 0.034 -0.361 -0.068 0.994 -0.094 0.35 0.097 0.929 ]
LHip0 [ 2.216 0.035 -2.804 ] [ 0.939 -0.084 0.333 0.262 0.802 -0.538 -0.222 0.592 0.775 ]
LHip1 [ 4.125 0 0.088 ] [ 0.952 0.26 -0.161 -0.278 0.955 -0.102 0.127 0.141 0.982 ]
RHip0 [ -2.183 0.004 -2.356 ] [ 0.997 0.032 0.067 0.025 0.712 -0.702 -0.07 0.702 0.709 ]

frame 6
frame 7
frame 8
frame 9
frame 10
frame 11
frame 12
frame 13
frame 14
LArm3 [ 4.21 0 0.033 ] [ 0.404 -0.915 -0.005 0.873 0.382 0.309 -0.269 -0.134 0.952 ]

frame 15
frame 16
frame 17
Base [ -0.013 0.006 1.975 ] [ 1 -0.003 0 0.003 1 0.007 0 -0.007 1 ]
LArm1 [ 3.829 0 0 ] [ 0.102 -0.602 -0.792 0.995 0.051 0.09 -0.014 -0.797 0.604 ]
LArm3 [ 4.21 0 0 ] [ 0.611 -0.792 -0.01 0.753 0.577 0.318 -0.246 -0.202 0.948 ]
RArm1 [ -3.804 0 0 ] [ 0.012 0.524 0.852 -1 -0.002 0.015 0.01 -0.852 0.524 ]
RArm3 [ -4.411 0 0.112 ] [ 0.418 -0.016 -0.908 0.002 1 -0.016 0.909 0.005 0.418 ]
LHip0 [ 2.216 0.035 -2.804 ] [ 1 0 0 0 1 0 0 0 1 ]
LKnee0 [ 0 -0.047 -10.544 ] [ 1 0 0 0 1 0 0 0 1 ]
LKnee1 [ 0 -0.045 -3.909 ] [ 1 -0.004 0 0.004 1 0.011 0 -0.011 1 ]
RHip0 [ -2.183 0.004 -2.356 ] [ 1 0 0.026 0 1 0 -0.026 0 1 ]
RKnee0 [ 0.165 -0.052 -9.847 ] [ 1 0 0 0 1 0 0 0 1 ]
RKnee1 [ 0.005 0 -3.926 ] [ 1 0 0 0 1 0.001 0 -0.001 1 ]

