frame 0
Base [ -1.011 6.678 7.797 ] [ 1 0 0.036 0.022 0.784 -0.621 -0.029 0.621 0.783 ]
Chest [ -0.223 0.043 18.775 ] [ 1 0 0 0 1 0 0 0 1 ]
LArm0 [ 3.363 0 -0.08 ] [ 1 0 0 0 1 0 0 0 1 ]
LArm1 [ 3.829 0 0 ] [ 0.14 -0.897 -0.42 0.337 0.442 -0.831 0.931 -0.025 0.364 ]
LArm2 [ 9.78 0 0.079 ] [ 1 0 0 0 1 0 0 0 1 ]
LArm3 [ 4.21 0 0 ] [ 0.545 -0.247 -0.801 0.422 0.907 0.007 0.725 -0.342 0.598 ]
LWrist [ 11.899 0 0 ] [ 1 0 0 0 1 0 0 0 1 ]
RArm0 [ -2.664 0 0 ] [ 1 0 0 0 1 0 0 0 1 ]
RArm1 [ -3.804 0 0 ] [ 0.124 0.785 0.607 -0.97 0.224 -0.09 -0.207 -0.578 0.79 ]
RArm2 [ -10.319 0 0 ] [ 1 0 0 0 1 0 0 0 1 ]
RArm3 [ -4.411 0 0.112 ] [ 0.725 0.11 -0.68 -0.177 0.984 -0.03 0.666 0.142 0.733 ]
RWrist [ -11.719 0 0 ] [ 1 0 0 0 1 0 0 0 1 ]
Neck0 [ 0.213 0.03 0.375 ] [ 1 0 0 0 1 0 0 0 1 ]
Head0 [ 0 0.054 3.572 ] [ 1 0 0 0 1 0 0 0 1 ]
Head1 [ 0 0 12.93 ] [ 1 0 0 0 1 0 0 0 1 ]
LHip0 [ 2.216 0.035 -2.804 ] [ 1 0 0 0 1 0 0 0 1 ]
LHip1 [ 4.125 0 0.088 ] [ 1 0 0 0 1 0 0 0 1 ]
LHip2 [ 0.105 -0.053 1.034 ] [ 1 0 0 0 1 0 0 0 1 ]
LKnee0 [ 0 -0.047 -10.544 ] [ 1 0 0 0 1 0 0 0 1 ]
LKnee1 [ 0 -0.045 -3.909 ] [ 1 0 0 0 1 0 0 0 1 ]
LAnkle [ 0 -0.049 -12.38 ] [ 1 0 0 0 1 0 0 0 1 ]
LHeel [ 0 0 -4.68 ] [ 1 0 0 0 1 0 0 0 1 ]
RHip0 [ -2.183 0.004 -2.356 ] [ 1 0 0.026 0 1 0 -0.026 0 1 ]
RHip1 [ -3.513 -0.001 0.12 ] [ 1 0 -0.049 0 1 0 0.049 0 1 ]
RHip2 [ -0.211 -0.055 0.67 ] [ 1 0 0 0 1 0 0 0 1 ]
RKnee0 [ 0.165 -0.052 -9.847 ] [ 1 0 0 0 1 0 0 0 1 ]
RKnee1 [ 0.005 -0.001 -3.926 ] [ 1 0 0 0 1 0 0 0 1 ]
RAnkle [ -0.067 0 -12.464 ] [ 1 0 0 0 1 0 0 0 1 ]
RHeel [ 0 0 -4.88 ] [ 1 0 0 0 1 0 0 0 1 ]

frame 1
frame 2
frame 3
frame 4
frame 5
Base [ -4.457 21.021 -23.232 ] [ 0.991 0.137 -0.014 -0.015 0.003 -1 -0.137 0.991 0.005 ]

frame 6
frame 7
frame 8
RHip0 [ -2.183 0.005 -2.356 ] [ 0.998 0.049 -0.031 -0.057 0.816 -0.576 -0.003 0.576 0.817 ]
RKnee1 [ 0.005 0 -3.925 ] [ 0.995 -0.101 -0.005 0.005 0 1 -0.101 -0.995 0.001 ]

frame 9
LHip0 [ 2.216 0.036 -2.804 ] [ 1 0.015 -0.015 -0.019 0.966 -0.257 0.011 0.257 0.966 ]

frame 10
frame 11
Base [ -2.317 9.562 -10.315 ] [ 0.998 0.06 0.012 -0.048 0.89 -0.454 -0.038 0.453 0.891 ]
LHip0 [ 2.216 0.036 -2.804 ] [ 1 0.016 -0.029 -0.028 0.887 -0.46 0.018 0.461 0.887 ]
RHip0 [ -2.183 0.004 -2.356 ] [ 0.999 0.036 -0.032 -0.048 0.794 -0.607 0.003 0.607 0.794 ]

frame 12
frame 13
LKnee1 [ 0 -0.044 -3.909 ] [ 1 -0.013 0.018 0.001 0.856 0.517 -0.022 -0.517 0.856 ]

frame 14
frame 15
frame 16
Base [ -0.533 0.012 0.448 ] [ 1 -0.002 0.006 0.002 1 -0.004 -0.006 0.004 1 ]
LArm1 [ 3.829 0 0 ] [ -0.034 -0.753 -0.657 0.999 -0.003 -0.049 0.035 -0.658 0.752 ]
LArm3 [ 4.21 0 0 ] [ 0.743 -0.654 -0.142 0.669 0.73 0.139 0.013 -0.198 0.98 ]
RArm1 [ -3.804 0 0 ] [ 0.056 0.69 0.721 -0.998 0.039 0.04 0 -0.722 0.691 ]
RArm3 [ -4.411 0 0.112 ] [ 0.672 -0.018 -0.74 -0.018 0.999 -0.042 0.74 0.042 0.671 ]
LHip0 [ 2.216 0.035 -2.804 ] [ 1 0.003 -0.005 -0.003 0.997 -0.08 0.005 0.08 0.997 ]

