frame 0
Base [ -0.013 0.006 1.975 ] [ 0.994 0.111 0.017 -0.087 0.855 -0.51 -0.072 0.506 0.86 ]
Chest [ -0.223 0.043 18.775 ] [ 1 0 0 0 1 0 0 0 1 ]
LArm0 [ 3.363 0 -0.08 ] [ 1 0 0 0 1 0 0 0 1 ]
LArm1 [ 3.829 0 0 ] [ 0.45 -0.781 -0.434 0.892 0.422 0.165 0.054 -0.461 0.886 ]
LArm2 [ 9.78 0 0.079 ] [ 1 0 0 0 1 0 0 0 1 ]
LArm3 [ 4.21 0 0 ] [ 0.639 -0.769 -0.025 0.708 0.574 0.412 -0.302 -0.28 0.911 ]
LWrist [ 11.899 0 0 ] [ 1 0 0 0 1 0 0 0 1 ]
RArm0 [ -2.664 0 0 ] [ 1 0 0 0 1 0 0 0 1 ]
RArm1 [ -3.804 0 0 ] [ 0.707 -0.029 0.707 0.07 0.997 -0.029 -0.704 0.07 0.707 ]
RArm2 [ -10.319 0 0 ] [ 1 0 0 0 1 0 0 0 1 ]
RArm3 [ -4.411 0 0.112 ] [ 1 0 0 0 1 0 0 0 1 ]
RWrist [ -11.719 0 0 ] [ 1 0 0 0 1 0 0 0 1 ]
Neck0 [ 0.213 0.03 0.375 ] [ 1 0 0 0 1 0 0 0 1 ]
Head0 [ 0 0.054 3.572 ] [ 1 0 0 0 1 0 0 0 1 ]
Head1 [ 0 0 12.93 ] [ 1 0 0 0 1 0 0 0 1 ]
LHip0 [ 2.216 0.035 -2.804 ] [ 0.993 -0.088 -0.074 0.114 0.849 0.516 0.017 -0.521 0.854 ]
LHip1 [ 4.125 0 0.088 ] [ 1 0 0 0 1 0 0 0 1 ]
LHip2 [ 0.105 -0.053 1.034 ] [ 1 0 0 0 1 0 0 0 1 ]
LKnee0 [ 0 -0.047 -10.544 ] [ 1 0 0 0 1 0 0 0 1 ]
LKnee1 [ 0 -0.045 -3.909 ] [ 1 0 0 0 1 0 0 0 1 ]
LAnkle [ 0 -0.049 -12.38 ] [ 1 0 0 0 1 0 0 0 1 ]
LHeel [ 0 0 -4.68 ] [ 1 0 0 0 1 0 0 0 1 ]
RHip0 [ -2.183 0.004 -2.356 ] [ 0.994 -0.098 -0.047 0.108 0.863 0.494 -0.008 -0.496 0.868 ]
RHip1 [ -3.513 -0.001 0.12 ] [ 1 0 -0.049 0 1 0 0.049 0 1 ]
RHip2 [ -0.211 -0.055 0.67 ] [ 1 0 0 0 1 0 0 0 1 ]
RKnee0 [ 0.165 -0.052 -9.847 ] [ 1 0 0 0 1 0 0 0 1 ]
RKnee1 [ 0.005 -0.001 -3.926 ] [ 1 0 0 0 1 0 0 0 1 ]
RAnkle [ -0.067 0 -12.464 ] [ 1 0 0 0 1 0 0 0 1 ]
RHeel [ 0 0 -4.88 ] [ 1 0 0 0 1 0 0 0 1 ]

frame 1
frame 2
frame 3
frame 4
frame 5
frame 6
Base [ -0.013 0.006 1.975 ] [ 1 -0.001 0 0.001 1 0.007 0 -0.007 1 ]
LArm1 [ 3.829 0 0 ] [ 0.339 -0.647 -0.683 0.938 0.288 0.193 0.072 -0.706 0.704 ]
LArm3 [ 4.21 0 0 ] [ 0.124 -0.985 -0.119 0.904 0.062 0.424 -0.41 -0.16 0.898 ]
RArm1 [ -3.804 0 0 ] [ -0.015 0.825 0.565 0.006 0.566 -0.825 -1 -0.009 -0.014 ]
RArm3 [ -4.411 0 0.112 ] [ 0.762 0.647 0.008 -0.647 0.762 0.007 -0.001 -0.011 1 ]
LHip0 [ 2.216 0.035 -2.804 ] [ 1 -0.002 -0.001 0.002 1 0.012 0.001 -0.012 1 ]
RHip0 [ -2.183 0.004 -2.356 ] [ 1 0.002 0.027 -0.002 1 -0.011 -0.027 0.011 1 ]

