frame 0
Base [ -0.013 0.006 1.975 ] [ 1 -0.039 -0.009 0.039 0.891 0.451 -0.009 -0.451 0.892 ]
Chest [ -0.223 0.043 18.775 ] [ 1 0 0 0 1 0 0 0 1 ]
LArm0 [ 3.363 0 -0.08 ] [ 1 0 0 0 1 0 0 0 1 ]
LArm1 [ 3.829 0 0 ] [ 0.084 -0.848 -0.523 0.996 0.082 0.026 0.021 -0.523 0.852 ]
LArm2 [ 9.78 0 0.079 ] [ 1 0 0 0 1 0 0 0 1 ]
LArm3 [ 4.21 0 0 ] [ 0.668 0.037 0.744 -0.181 0.977 0.114 -0.722 -0.211 0.659 ]
LWrist [ 11.899 0 0 ] [ 1 0 0 0 1 0 0 0 1 ]
RArm0 [ -2.664 0 0 ] [ 1 0 0 0 1 0 0 0 1 ]
RArm1 [ -3.804 0 0 ] [ -0.084 0.921 0.38 -0.985 -0.134 0.108 0.151 -0.365 0.919 ]
RArm2 [ -10.319 0 0 ] [ 1 0 0 0 1 0 0 0 1 ]
RArm3 [ -4.411 0 0.112 ] [ 0.641 -0.245 -0.727 0.283 0.956 -0.072 0.713 -0.16 0.683 ]
RWrist [ -11.719 0 0 ] [ 1 0 0 0 1 0 0 0 1 ]
Neck0 [ 0.213 0.03 0.375 ] [ 1 0 0 0 1 0 0 0 1 ]
Head0 [ 0 0.054 3.572 ] [ 1 0 0 0 1 0 0 0 1 ]
Head1 [ 0 0 12.93 ] [ 1 0 0 0 1 0 0 0 1 ]
LHip0 [ 2.216 0.035 -2.804 ] [ 0.999 0.034 0.031 0.016 0.373 -0.928 -0.043 0.927 0.372 ]
LHip1 [ 4.125 0 0.088 ] [ 1 0 0 0 1 0 0 0 1 ]
LHip2 [ 0.105 -0.053 1.034 ] [ 1 0 0 0 1 0 0 0 1 ]
LKnee0 [ 0 -0.047 -10.544 ] [ 1 0 0 0 1 0 0 0 1 ]
LKnee1 [ 0 -0.045 -3.909 ] [ 1 0.002 -0.025 0.013 0.812 0.583 0.021 -0.583 0.812 ]
LAnkle [ 0 -0.049 -12.38 ] [ 1 0 0 0 1 0 0 0 1 ]
LHeel [ 0 0 -4.68 ] [ 1 0 0 0 1 0 0 0 1 ]
RHip0 [ -2.183 0.004 -2.356 ] [ 0.998 0.059 0.009 -0.043 0.821 -0.57 -0.041 0.569 0.822 ]
RHip1 [ -3.513 -0.001 0.12 ] [ 1 0 -0.049 0 1 0 0.049 0 1 ]
RHip2 [ -0.211 -0.055 0.67 ] [ 1 0 0 0 1 0 0 0 1 ]
RKnee0 [ 0.165 -0.052 -9.847 ] [ 1 0 0 0 1 0 0 0 1 ]
RKnee1 [ 0.005 -0.001 -3.926 ] [ 1 0.018 0.019 -0.024 0.391 0.92 0.009 -0.92 0.392 ]
RAnkle [ -0.067 0 -12.464 ] [ 1 0 0 0 1 0 0 0 1 ]
RHeel [ 0 0 -4.88 ] [ 1 0 0 0 1 0 0 0 1 ]

frame 1
frame 2
LHip0 [ 2.216 0.035 -2.804 ] [ 0.999 0.043 0.031 0.025 0.139 -0.99 -0.047 0.989 0.137 ]
LKnee1 [ 0 -0.045 -3.909 ] [ 1 0.011 -0.038 0.027 0.521 0.853 0.029 -0.853 0.521 ]
RHip0 [ -2.183 0.004 -2.356 ] [ 1 0.036 0.017 -0.04 0.948 0.317 -0.005 -0.317 0.948 ]
RKnee1 [ 0.005 0 -3.926 ] [ 1 0.003 0.001 -0.004 0.988 0.151 0 -0.151 0.988 ]

frame 3
RKnee1 [ 0.005 -0.001 -3.926 ] [ 1 0.027 0.031 -0.029 -0.068 0.997 0.029 -0.997 -0.067 ]

frame 4
RHip0 [ -2.183 0.004 -2.356 ] [ 0.998 0.064 -0.014 -0.014 -0.004 -1 -0.064 0.998 -0.003 ]
RKnee1 [ 0.005 -0.001 -3.926 ] [ 1 0.013 0.04 -0.026 -0.54 0.841 0.032 -0.842 -0.539 ]

frame 5
LHip0 [ 2.216 0.035 -2.804 ] [ 1 0.008 0.016 0 0.902 -0.431 -0.018 0.431 0.902 ]

frame 6
LArm3 [ 4.21 0 -0.002 ] [ 0.61 -0.671 0.421 0.7 0.705 0.11 -0.394 0.23 0.89 ]

frame 7
LHip0 [ 2.216 0.035 -2.804 ] [ 0.999 0.04 0.029 0.02 0.211 -0.977 -0.045 0.977 0.21 ]
LKnee1 [ 0 -0.045 -3.909 ] [ 0.998 0.052 -0.044 0.066 -0.557 0.828 0.019 -0.829 -0.559 ]
RHip0 [ -2.183 0.004 -2.356 ] [ 0.999 0.052 0.01 -0.044 0.924 -0.38 -0.029 0.379 0.925 ]
RKnee1 [ 0.005 -0.001 -3.926 ] [ 1 0.01 0.013 -0.016 0.729 0.684 -0.003 -0.684 0.729 ]

frame 8
LKnee1 [ 0 -0.045 -3.909 ] [ 1 0.014 -0.03 0.014 0.644 0.765 0.03 -0.765 0.643 ]
RHip0 [ -2.183 0.004 -2.356 ] [ 0.999 0.044 0.014 -0.044 0.999 -0.015 -0.014 0.014 1 ]
RKnee1 [ 0.005 -0.001 -3.926 ] [ 1 0.005 0.009 -0.008 0.918 0.396 -0.006 -0.396 0.918 ]

frame 9
Base [ -0.013 0.006 1.975 ] [ 1 -0.04 -0.002 0.039 0.961 0.274 -0.009 -0.274 0.962 ]

frame 10
frame 11
Base [ -0.013 0.006 1.975 ] [ 1 -0.04 0.006 0.039 0.995 0.088 -0.009 -0.088 0.996 ]
LArm1 [ 3.829 0 0 ] [ 0.281 -0.796 -0.536 0.914 0.052 0.402 -0.292 -0.603 0.742 ]
LArm3 [ 4.21 0 0 ] [ 0.269 -0.961 -0.058 0.961 0.272 -0.048 0.062 -0.042 0.997 ]
RArm1 [ -3.804 0 0 ] [ 0.367 0.775 0.515 -0.916 0.204 0.346 0.163 -0.599 0.784 ]
RArm3 [ -4.411 0 0.112 ] [ 0.672 0.108 -0.733 -0.197 0.98 -0.036 0.714 0.168 0.68 ]
LHip0 [ 2.216 0.035 -2.804 ] [ 1 0.001 0.003 -0.001 0.996 -0.088 -0.003 0.088 0.996 ]
LKnee1 [ 0 -0.045 -3.909 ] [ 1 0.002 0 -0.002 1 -0.011 0 0.011 1 ]
RHip0 [ -2.183 0.004 -2.356 ] [ 0.999 0.046 0.015 -0.045 0.998 -0.041 -0.017 0.04 1 ]
RKnee1 [ 0.005 -0.001 -3.926 ] [ 1 -0.002 0.003 0.002 1 -0.036 -0.003 0.036 1 ]

