frame 0
Base [ -0.013 0.006 1.975 ] [ 1 0 0 0 1 0 0 0 1 ]
Chest [ -0.223 0.043 18.775 ] [ 1 0 0 0 1 0 0 0 1 ]
LArm0 [ 3.363 0 -0.08 ] [ 1 0 0 0 1 0 0 0 1 ]
LArm1 [ 3.829 0 0 ] [ 1 0 0 0 1 0 0 0 1 ]
LArm2 [ 9.78 0 0.079 ] [ 1 0 0 0 1 0 0 0 1 ]
LArm3 [ 4.21 0 0 ] [ 1 0 0 0 1 0 0 0 1 ]
LWrist [ 11.899 0 0 ] [ 1 0 0 0 1 0 0 0 1 ]
RArm0 [ -2.664 0 0 ] [ 1 0 0 0 1 0 0 0 1 ]
RArm1 [ -3.804 0 0 ] [ 1 0 0 0 1 0 0 0 1 ]
RArm2 [ -10.319 0 0 ] [ 1 0 0 0 1 0 0 0 1 ]
RArm3 [ -4.411 0 0.112 ] [ 1 0 0 0 1 0 0 0 1 ]
RWrist [ -11.719 0 0 ] [ 1 0 0 0 1 0 0 0 1 ]
Neck0 [ 0.213 0.03 0.375 ] [ 1 0 0 0 1 0 0 0 1 ]
Head0 [ 0 0.054 3.572 ] [ 1 0 0 0 1 0 0 0 1 ]
Head1 [ 0 0 12.93 ] [ 1 0 0 0 1 0 0 0 1 ]
LHip0 [ 2.216 0.035 -2.804 ] [ 1 0 0 0 1 0 0 0 1 ]
LHip1 [ 4.125 0 0.088 ] [ 1 0 0 0 1 0 0 0 1 ]
LHip2 [ 0.105 -0.053 1.034 ] [ 1 0 0 0 1 0 0 0 1 ]
LKnee0 [ 0 -0.047 -10.544 ] [ 1 0 0 0 1 0 0 0 1 ]
LKnee1 [ 0 -0.045 -3.909 ] [ 1 0 0 0 1 0 0 0 1 ]
LAnkle [ 0 -0.049 -12.38 ] [ 1 0 0 0 1 0 0 0 1 ]
LHeel [ 0 0 -4.68 ] [ 1 0 0 0 1 0 0 0 1 ]
RHip0 [ -2.183 0.004 -2.356 ] [ 1 0 0.026 0 1 0 -0.026 0 1 ]
RHip1 [ -3.513 -0.001 0.12 ] [ 1 0 -0.049 0 1 0 0.049 0 1 ]
RHip2 [ -0.211 -0.055 0.67 ] [ 1 0 0 0 1 0 0 0 1 ]
RKnee0 [ 0.165 -0.052 -9.847 ] [ 1 0 0 0 1 0 0 0 1 ]
RKnee1 [ 0.005 -0.001 -3.926 ] [ 1 0 0 0 1 0 0 0 1 ]
RAnkle [ -0.067 0 -12.464 ] [ 1 0 0 0 1 0 0 0 1 ]
RHeel [ 0 0 -4.88 ] [ 1 0 0 0 1 0 0 0 1 ]

frame 1
frame 2
frame 3
Base [ 1.381 -0.067 -17.984 ] [ 0.992 0.018 0.121 -0.121 0.008 0.993 0.017 -1 0.01 ]

frame 4
frame 5
frame 6
frame 7
frame 8
frame 9
frame 10
Base [ 0.771 -0.035 -9.252 ] [ 0.995 0.028 0.094 -0.098 0.388 0.917 -0.011 -0.921 0.388 ]
LArm1 [ 3.829 0 0 ] [ 0.225 -0.889 0.399 0.916 0.332 0.223 -0.331 0.315 0.89 ]
RArm1 [ -3.804 0 0 ] [ 0.421 0.851 -0.314 -0.831 0.501 0.244 0.365 0.158 0.917 ]
RHip0 [ -2.183 0.004 -2.356 ] [ 0.997 0.04 0.063 0.007 0.79 -0.613 -0.074 0.612 0.787 ]
RKnee1 [ 0.005 0 -3.926 ] [ 0.996 0.055 -0.063 0.038 0.37 0.928 0.074 -0.927 0.366 ]

frame 11
frame 12
frame 13
LHip0 [ 2.216 0.036 -2.804 ] [ 1 -0.003 0.014 0.006 0.989 -0.148 -0.013 0.148 0.989 ]
LKnee1 [ 0 -0.044 -3.909 ] [ 0.998 0.041 -0.056 0 0.803 0.595 0.069 -0.594 0.801 ]

frame 14
frame 15
frame 16
frame 17
frame 18
