frame 0
Base [ -0.013 0.006 1.975 ] [ 1 0 0 0 1 0 0 0 1 ]
Chest [ -0.223 0.043 18.775 ] [ 1 0 0 0 1 0 0 0 1 ]
LArm0 [ 3.363 0 -0.08 ] [ 1 0 0 0 1 0 0 0 1 ]
LArm1 [ 3.829 0 0 ] [ 0.476 -0.592 -0.651 0.879 0.336 0.338 0.019 -0.733 0.68 ]
LArm2 [ 9.78 0 0.079 ] [ 1 0 0 0 1 0 0 0 1 ]
LArm3 [ 4.21 0 0 ] [ 0.044 -0.998 -0.039 0.998 0.042 0.043 -0.041 -0.041 0.998 ]
LWrist [ 11.899 0 0 ] [ 1 0 0 0 1 0 0 0 1 ]
RArm0 [ -2.664 0 0 ] [ 1 0 0 0 1 0 0 0 1 ]
RArm1 [ -3.804 0 0 ] [ 0.121 0.661 0.74 -0.99 0.133 0.043 -0.07 -0.738 0.671 ]
RArm2 [ -10.319 0 0 ] [ 1 0 0 0 1 0 0 0 1 ]
RArm3 [ -4.411 0 0.112 ] [ 0.678 -0.003 -0.735 -0.029 1 -0.031 0.735 0.043 0.677 ]
RWrist [ -11.719 0 0 ] [ 1 0 0 0 1 0 0 0 1 ]
Neck0 [ 0.213 0.03 0.375 ] [ 1 0 0 0 1 0 0 0 1 ]
Head0 [ 0 0.054 3.572 ] [ 1 0 0 0 1 0 0 0 1 ]
Head1 [ 0 0 12.93 ] [ 1 0 0 0 1 0 0 0 1 ]
LHip0 [ 2.216 0.035 -2.804 ] [ 1 0 0 0 1 0 0 0 1 ]
LHip1 [ 4.125 0 0.088 ] [ 1 0 0 0 1 0 0 0 1 ]
LHip2 [ 0.105 -0.053 1.034 ] [ 1 0 0 0 1 0 0 0 1 ]
LKnee0 [ 0 -0.047 -10.544 ] [ 1 0 0 0 1 0 0 0 1 ]
LKnee1 [ 0 -0.045 -3.909 ] [ 1 0 0 0 1 0 0 0 1 ]
LAnkle [ 0 -0.049 -12.38 ] [ 1 0 0 0 1 0 0 0 1 ]
LHeel [ 0 0 -4.68 ] [ 1 0 0 0 1 0 0 0 1 ]
RHip0 [ -2.183 0.004 -2.356 ] [ 1 0 0.026 0 1 0 -0.026 0 1 ]
RHip1 [ -3.513 -0.001 0.12 ] [ 1 0 -0.049 0 1 0 0.049 0 1 ]
RHip2 [ -0.211 -0.055 0.67 ] [ 1 0 0 0 1 0 0 0 1 ]
RKnee0 [ 0.165 -0.052 -9.847 ] [ 1 0 0 0 1 0 0 0 1 ]
RKnee1 [ 0.005 -0.001 -3.926 ] [ 1 0 0 0 1 0 0 0 1 ]
RAnkle [ -0.067 0 -12.464 ] [ 1 0 0 0 1 0 0 0 1 ]
RHeel [ 0 0 -4.88 ] [ 1 0 0 0 1 0 0 0 1 ]

frame 1
frame 2
frame 3
frame 4
frame 5
Head0 [ 0 0.054 3.572 ] [ 0.946 0.325 -0.001 -0.325 0.946 0 0.001 0 1 ]

frame 6
frame 7
frame 8
frame 9
LArm1 [ 3.829 0 0 ] [ 0.333 -0.637 -0.696 0.943 0.235 0.236 0.013 -0.735 0.678 ]
LArm3 [ 4.21 0 0 ] [ 0.13 -0.991 -0.036 0.991 0.128 0.042 -0.037 -0.041 0.998 ]
RArm1 [ -3.804 0 0 ] [ 0.296 0.636 0.713 -0.951 0.266 0.157 -0.09 -0.725 0.683 ]
RArm3 [ -4.411 0 0.112 ] [ 0.578 0.059 -0.814 -0.108 0.994 -0.005 0.809 0.091 0.581 ]
Head0 [ 0 0.054 3.572 ] [ 0.828 0.561 -0.002 -0.561 0.828 0 0.002 0 1 ]

frame 10
frame 11
frame 12
frame 13
frame 14
frame 15
frame 16
frame 17
frame 18
frame 19
LArm1 [ 3.829 0 0 ] [ 0.241 -0.541 -0.806 0.967 0.208 0.15 0.087 -0.815 0.573 ]
LArm3 [ 4.21 0 0 ] [ 0.014 -1 -0.021 1 0.013 0.027 -0.026 -0.021 1 ]
RArm1 [ -3.804 0 0 ] [ 0.162 0.779 0.605 -0.985 0.162 0.056 -0.054 -0.606 0.794 ]
RArm3 [ -4.411 0 0.112 ] [ 0.745 -0.008 -0.667 -0.006 1 -0.019 0.667 0.019 0.745 ]
Neck0 [ 0.213 0.03 0.375 ] [ 1 -0.002 0 0.002 1 0.007 0 -0.007 1 ]
Head0 [ 0 0.054 3.572 ] [ 0.901 -0.433 0.004 0.433 0.901 0.001 -0.004 0 1 ]

frame 20
frame 21
frame 22
frame 23
frame 24
frame 25
frame 26
frame 27
frame 28
frame 29
Head0 [ 0 0.054 3.572 ] [ 1 0.028 0 -0.028 1 0 0 0 1 ]

