frame 0
Base [ -0.013 0.006 1.975 ] [ 1 0 0 0 1 0 0 0 1 ]
Chest [ -0.223 0.043 18.775 ] [ 1 0 0 0 1 0 0 0 1 ]
LArm0 [ 3.363 0 -0.08 ] [ 1 0 0 0 1 0 0 0 1 ]
LArm1 [ 3.829 0 0 ] [ 0.346 -0.576 -0.741 0.938 0.212 0.274 0 -0.79 0.613 ]
LArm2 [ 9.78 0 0.079 ] [ 1 0 0 0 1 0 0 0 1 ]
LArm3 [ 4.21 0 0 ] [ 0.28 -0.956 0.086 0.922 0.293 0.255 -0.269 0.008 0.963 ]
LWrist [ 11.899 0 0 ] [ 1 0 0 0 1 0 0 0 1 ]
RArm0 [ -2.664 0 0 ] [ 1 0 0 0 1 0 0 0 1 ]
RArm1 [ -3.804 0 0 ] [ -0.041 0.717 0.696 -1 -0.03 -0.029 0 -0.697 0.717 ]
RArm2 [ -10.319 0 0 ] [ 1 0 0 0 1 0 0 0 1 ]
RArm3 [ -4.411 0 0.112 ] [ 0.716 0.012 -0.698 0.012 1 0.029 0.698 -0.029 0.715 ]
RWrist [ -11.719 0 0 ] [ 1 0 0 0 1 0 0 0 1 ]
Neck0 [ 0.213 0.03 0.375 ] [ 1 0 0 0 1 0 0 0 1 ]
Head0 [ 0 0.054 3.572 ] [ 1 0 0 0 1 0 0 0 1 ]
Head1 [ 0 0 12.93 ] [ 1 0 0 0 1 0 0 0 1 ]
LHip0 [ 2.216 0.035 -2.804 ] [ 1 0 0 0 1 0 0 0 1 ]
LHip1 [ 4.125 0 0.088 ] [ 1 0 0 0 1 0 0 0 1 ]
LHip2 [ 0.105 -0.053 1.034 ] [ 1 0 0 0 1 0 0 0 1 ]
LKnee0 [ 0 -0.047 -10.544 ] [ 1 0 0 0 1 0 0 0 1 ]
LKnee1 [ 0 -0.045 -3.909 ] [ 1 0 0 0 1 0 0 0 1 ]
LAnkle [ 0 -0.049 -12.38 ] [ 1 0 0 0 1 0 0 0 1 ]
LHeel [ 0 0 -4.68 ] [ 1 0 0 0 1 0 0 0 1 ]
RHip0 [ -2.183 0.004 -2.356 ] [ 1 0 0.026 0 1 0 -0.026 0 1 ]
RHip1 [ -3.513 -0.001 0.12 ] [ 1 0 -0.049 0 1 0 0.049 0 1 ]
RHip2 [ -0.211 -0.055 0.67 ] [ 1 0 0 0 1 0 0 0 1 ]
RKnee0 [ 0.165 -0.052 -9.847 ] [ 1 0 0 0 1 0 0 0 1 ]
RKnee1 [ 0.005 -0.001 -3.926 ] [ 1 0 0 0 1 0 0 0 1 ]
RAnkle [ -0.067 0 -12.464 ] [ 1 0 0 0 1 0 0 0 1 ]
RHeel [ 0 0 -4.88 ] [ 1 0 0 0 1 0 0 0 1 ]

frame 1
frame 2
frame 3
frame 4
frame 5
frame 6
Head0 [ 0 0.054 3.572 ] [ 0.856 0.515 -0.054 -0.514 0.857 0.024 0.058 0.008 0.998 ]

frame 7
frame 8
frame 9
Head0 [ 0 0.054 3.572 ] [ 0.685 0.725 -0.076 -0.725 0.688 0.034 0.077 0.031 0.997 ]

frame 10
frame 11
frame 12
frame 13
frame 14
frame 15
frame 16
frame 17
frame 18
frame 19
LArm1 [ 3.829 0 0 ] [ 0.397 -0.687 -0.609 0.918 0.305 0.254 0.011 -0.66 0.751 ]
RArm1 [ -3.804 0 0 ] [ -0.062 0.709 0.703 -0.998 -0.048 -0.04 0.005 -0.704 0.71 ]
Head0 [ 0 0.054 3.572 ] [ 0.797 -0.602 -0.054 0.604 0.797 0.024 0.028 -0.052 0.998 ]

frame 20
frame 21
frame 22
LArm1 [ 3.829 0 0 ] [ 0.346 -0.857 0.383 0.938 0.316 -0.141 0 0.408 0.913 ]
LArm3 [ 4.21 0 0 ] [ 0.28 -0.956 0.086 0.922 0.293 0.255 -0.269 0.008 0.963 ]
RArm1 [ -3.804 0 0 ] [ -0.041 0.919 -0.393 -1 -0.038 0.016 0 0.393 0.919 ]

frame 23
frame 24
frame 25
frame 26
frame 27
frame 28
Head0 [ 0 0.054 3.572 ] [ 1 0.004 -0.031 -0.004 1 0.014 0.031 -0.014 1 ]

frame 29
LArm1 [ 3.829 0 0 ] [ 0.087 -0.771 0.631 0.996 0.08 -0.039 -0.02 0.632 0.775 ]
LArm3 [ 4.21 0 -0.002 ] [ 0.774 -0.63 0.056 0.587 0.748 0.31 -0.237 -0.207 0.949 ]

frame 30
frame 31
frame 32
LArm1 [ 3.829 0 0 ] [ 0.068 -0.949 0.309 0.998 0.07 -0.005 -0.017 0.308 0.951 ]
LArm3 [ 4.21 0 -0.001 ] [ 0.45 -0.863 0.231 0.72 0.504 0.477 -0.528 -0.048 0.848 ]
RArm1 [ -3.804 0 0 ] [ -0.039 0.948 -0.316 -1 -0.037 0.012 0 0.316 0.949 ]
RArm3 [ -4.411 0 0.112 ] [ 0.494 0.019 -0.869 0.026 1 0.036 0.869 -0.04 0.494 ]

frame 33
frame 34
frame 35
frame 36
frame 37
frame 38
