frame 0
Base [ -0.013 0.006 1.975 ] [ 1 0 0 0 1 0 0 0 1 ]
Chest [ -0.223 0.043 18.775 ] [ 1 0 0 0 1 0 0 0 1 ]
LArm0 [ 3.363 0 -0.08 ] [ 1 0 0 0 1 0 0 0 1 ]
LArm1 [ 3.829 0 0 ] [ 0.068 -0.596 -0.8 0.998 0.04 0.054 0 -0.802 0.598 ]
LArm2 [ 9.78 0 0.079 ] [ 1 0 0 0 1 0 0 0 1 ]
LArm3 [ 4.21 0 0 ] [ 0.416 -0.902 -0.115 0.902 0.392 0.181 -0.118 -0.179 0.977 ]
LWrist [ 11.899 0 0 ] [ 1 0 0 0 1 0 0 0 1 ]
RArm0 [ -2.664 0 0 ] [ 1 0 0 0 1 0 0 0 1 ]
RArm1 [ -3.804 0 0 ] [ 0.079 0.78 0.621 -0.997 0.062 0.049 0 -0.623 0.783 ]
RArm2 [ -10.319 0 0 ] [ 1 0 0 0 1 0 0 0 1 ]
RArm3 [ -4.411 0 0.112 ] [ 0.781 -0.017 -0.624 -0.017 0.999 -0.05 0.624 0.05 0.78 ]
RWrist [ -11.719 0 0 ] [ 1 0 0 0 1 0 0 0 1 ]
Neck0 [ 0.213 0.03 0.375 ] [ 1 0 0 0 1 0 0 0 1 ]
Head0 [ 0 0.054 3.572 ] [ 1 0 0 0 1 0 0 0 1 ]
Head1 [ 0 0 12.93 ] [ 1 0 0 0 1 0 0 0 1 ]
LHip0 [ 2.216 0.035 -2.804 ] [ 0.976 -0.196 0.096 0.206 0.684 -0.7 0.072 0.703 0.707 ]
LHip1 [ 4.125 0 0.088 ] [ 1 0 0 0 1 0 0 0 1 ]
LHip2 [ 0.105 -0.053 1.034 ] [ 1 0 0 0 1 0 0 0 1 ]
LKnee0 [ 0 -0.047 -10.544 ] [ 1 0 0 0 1 0 0 0 1 ]
LKnee1 [ 0 -0.045 -3.909 ] [ 0.992 0.07 -0.1 -0.007 0.849 0.528 0.122 -0.523 0.843 ]
LAnkle [ 0 -0.049 -12.38 ] [ 1 0 0 0 1 0 0 0 1 ]
LHeel [ 0 0 -4.68 ] [ 1 0 0 0 1 0 0 0 1 ]
RHip0 [ -2.183 0.004 -2.356 ] [ 1 -0.01 -0.035 0.032 0.715 0.698 0.018 -0.699 0.715 ]
RHip1 [ -3.513 -0.001 0.12 ] [ 1 0 -0.049 0 1 0 0.049 0 1 ]
RHip2 [ -0.211 -0.055 0.67 ] [ 1 0 0 0 1 0 0 0 1 ]
RKnee0 [ 0.165 -0.052 -9.847 ] [ 1 0 0 0 1 0 0 0 1 ]
RKnee1 [ 0.005 -0.001 -3.926 ] [ 1 0.035 -0.007 -0.028 0.882 0.471 0.023 -0.47 0.882 ]
RAnkle [ -0.067 0 -12.464 ] [ 1 0 0 0 1 0 0 0 1 ]
RHeel [ 0 0 -4.88 ] [ 1 0 0 0 1 0 0 0 1 ]

frame 1
frame 2
RKnee1 [ 0.005 0 -3.926 ] [ 0.998 0.036 0.054 -0.058 0.142 0.988 0.028 -0.989 0.144 ]

frame 3
frame 4
frame 5
LHip0 [ 2.216 0.035 -2.804 ] [ 0.994 -0.094 -0.063 0.114 0.828 0.549 0 -0.553 0.833 ]
LKnee1 [ 0 -0.045 -3.909 ] [ 1 0.003 -0.026 0.003 0.973 0.23 0.026 -0.23 0.973 ]
RHip0 [ -2.183 0.004 -2.356 ] [ 0.997 0.047 0.062 0.006 0.744 -0.668 -0.077 0.666 0.742 ]
RKnee1 [ 0.005 0 -3.926 ] [ 0.999 0.043 0.016 -0.045 0.877 0.478 0.006 -0.478 0.878 ]

frame 6
frame 7
frame 8
LKnee1 [ 0 -0.045 -3.909 ] [ 0.992 0.075 -0.098 0.073 0.279 0.957 0.1 -0.957 0.272 ]

frame 9
frame 10
RArm1 [ -3.804 0 0 ] [ 0.03 0.749 0.662 -1 0.023 0.02 0 -0.662 0.749 ]

frame 11
LArm1 [ 3.829 0 0 ] [ 0.315 -0.628 -0.712 0.877 0.478 -0.034 0.362 -0.614 0.702 ]
LHip0 [ 2.216 0.035 -2.804 ] [ 0.992 -0.103 0.075 0.128 0.833 -0.539 -0.007 0.544 0.839 ]
LKnee1 [ 0 -0.045 -3.909 ] [ 0.998 0.037 -0.056 0.005 0.793 0.609 0.067 -0.608 0.791 ]
RHip0 [ -2.183 0.004 -2.356 ] [ 1 -0.007 0.042 -0.02 0.787 0.617 -0.037 -0.617 0.786 ]

frame 12
frame 13
LKnee1 [ 0 -0.045 -3.909 ] [ 0.998 0.036 -0.057 0.003 0.824 0.567 0.068 -0.566 0.822 ]
RKnee1 [ 0.005 0 -3.926 ] [ 0.999 0.036 0.038 -0.048 0.342 0.938 0.021 -0.939 0.344 ]

frame 14
frame 15
frame 16
RKnee1 [ 0.005 0 -3.926 ] [ 1 0.029 0.017 -0.033 0.743 0.668 0.007 -0.669 0.744 ]

frame 17
LHip0 [ 2.216 0.035 -2.804 ] [ 0.986 -0.1 -0.136 0.167 0.696 0.698 0.025 -0.711 0.703 ]
RHip0 [ -2.183 0.004 -2.356 ] [ 1 0.004 0.01 0.003 0.811 -0.586 -0.01 0.586 0.811 ]
RKnee1 [ 0.005 0 -3.926 ] [ 1 0.027 0.01 -0.028 0.842 0.539 0.006 -0.539 0.842 ]

frame 18
frame 19
frame 20
LKnee1 [ 0 -0.046 -3.909 ] [ 0.982 0.146 -0.118 0.087 0.203 0.975 0.167 -0.968 0.187 ]

frame 21
LArm1 [ 3.829 0 0 ] [ 0.126 -0.608 -0.784 0.988 0.151 0.041 0.094 -0.78 0.619 ]

frame 22
frame 23
