frame 0
Barr0 [ -0.048 0.126 -6.804 ] [ 1 0 0 0 1 0 0 0 1 ]

frame 1
Barr0 [ -0.048 0.126 -6.804 ] [ 0.245 0 -0.969 0 1 0 0.969 0 0.245 ]

frame 2
Barr0 [ -0.048 0.126 -6.804 ] [ -0.623 0 -0.782 0 1 0 0.782 0 -0.623 ]

frame 3
Barr0 [ -0.048 0.126 -6.804 ] [ -0.997 0 0.081 0 1 0 -0.081 0 -0.997 ]

frame 4
Barr0 [ -0.048 0.126 -6.804 ] [ -0.53 0 0.848 0 1 0 -0.848 0 -0.53 ]

frame 5
Barr0 [ -0.048 0.126 -6.804 ] [ 0.407 0 0.914 0 1 0 -0.914 0 0.407 ]

frame 6
Barr0 [ -0.048 0.126 -6.804 ] [ 0.995 0 -0.096 0 1 0 0.096 0 0.995 ]

frame 7
Barr0 [ -0.048 0.126 -6.804 ] [ 0.328 0 -0.945 0 1 0 0.945 0 0.328 ]

frame 8
Barr0 [ -0.048 0.126 -6.804 ] [ -0.609 0 -0.793 0 1 0 0.793 0 -0.609 ]

frame 9
Barr0 [ -0.048 0.126 -6.804 ] [ -0.998 0 0.062 0 1 0 -0.062 0 -0.998 ]

frame 10
Barr0 [ -0.048 0.126 -6.804 ] [ -0.524 0 0.851 0 1 0 -0.851 0 -0.524 ]

frame 11
Barr0 [ -0.048 0.126 -6.804 ] [ 0.408 0 0.913 0 1 0 -0.913 0 0.408 ]

frame 12
Barr0 [ -0.048 0.126 -6.804 ] [ 0.995 0 -0.098 0 1 0 0.098 0 0.995 ]

frame 13
Barr0 [ -0.048 0.126 -6.804 ] [ 0.327 0 -0.945 0 1 0 0.945 0 0.327 ]

frame 14
Barr0 [ -0.048 0.126 -6.804 ] [ -0.561 0 -0.828 0 1 0 0.828 0 -0.561 ]

frame 15
Barr0 [ -0.048 0.126 -6.804 ] [ -1 0 0.034 0 1 0 -0.034 0 -1 ]

frame 16
Barr0 [ -0.048 0.126 -6.804 ] [ -0.534 0 0.846 0 1 0 -0.846 0 -0.534 ]

frame 17
Barr0 [ -0.048 0.126 -6.804 ] [ 0.431 0 0.903 0 1 0 -0.903 0 0.431 ]

frame 18
Barr0 [ -0.048 0.126 -6.804 ] [ 0.995 0 -0.103 0 1 0 0.103 0 0.995 ]

frame 19
Barr0 [ -0.048 0.126 -6.804 ] [ 0.365 0 -0.931 0 1 0 0.931 0 0.365 ]

frame 20
Barr0 [ -0.048 0.126 -6.804 ] [ -0.597 0 -0.802 0 1 0 0.802 0 -0.597 ]

frame 21
Barr0 [ -0.048 0.126 -6.804 ] [ -0.999 0 0.046 0 1 0 -0.046 0 -0.999 ]

frame 22
Barr0 [ -0.048 0.126 -6.804 ] [ -0.485 0 0.875 0 1 0 -0.875 0 -0.485 ]

frame 23
Barr0 [ -0.048 0.126 -6.804 ] [ 0.412 0 0.911 0 1 0 -0.911 0 0.412 ]

frame 24
Barr0 [ -0.048 0.126 -6.804 ] [ 0.999 0 0.05 0 1 0 -0.05 0 0.999 ]

frame 25
Barr0 [ -0.048 0.126 -6.804 ] [ 0.417 0 -0.909 0 1 0 0.909 0 0.417 ]

frame 26
Barr0 [ -0.048 0.126 -6.804 ] [ 0.314 0 -0.949 0 1 0 0.949 0 0.314 ]

