frame 0
Base [ 0 0 0 ] [ 1 0.025 -0.018 -0.026 0.996 -0.09 0.015 0.091 0.996 ]

frame 1
frame 2
Base [ 0 0 0 ] [ 0.993 0.114 -0.014 -0.115 0.989 -0.092 0.004 0.093 0.996 ]

frame 3
frame 4
Base [ 0 0 0 ] [ 0.95 -0.308 0.052 0.243 0.834 0.496 -0.196 -0.459 0.867 ]

frame 5
frame 6
Base [ 0 0 0 ] [ 0.969 -0.246 -0.034 0.247 0.969 0.006 0.031 -0.014 1 ]

frame 7
frame 8
Base [ 0 0 0 ] [ 1 0.027 -0.004 -0.027 0.995 -0.098 0.001 0.098 0.995 ]

frame 9
Base [ 0 0 0 ] [ 0.995 0.095 -0.017 -0.095 0.931 -0.353 -0.017 0.353 0.935 ]

frame 10
Base [ 0 0 0 ] [ 0.977 0.177 -0.121 -0.205 0.609 -0.766 -0.063 0.773 0.631 ]

frame 11
Base [ 0 0 0 ] [ 0.941 0.257 -0.222 -0.257 0.113 -0.96 -0.222 0.96 0.172 ]

frame 12
frame 13
frame 14
frame 15
Base [ 0 0 0 ] [ 0.999 0.042 -0.021 -0.045 0.986 -0.159 0.014 0.16 0.987 ]

