frame 0
LHip [ -4.000000 0.000000 0.000000 ] [ 1.000000 0.000000 0.000000  0.000000 0.926839 0.375459  0.000000 -0.375459 0.926839]
LKnee [ 0.000000 0.000000 -15.000000 ] [ 1.000000 0.000000 0.000000  0.000000 0.923390 -0.383863  0.000000 0.383863 0.923390]
LAnkle [ 0.000000 0.000000 -15.000000 ] [ 1.000000 0.000000 0.000000  0.000000 1.000000 0.000000  0.000000 0.000000 1.000000]
RHip [ 4.000000 0.000000 0.000000 ] [ 1.000000 0.000000 0.000000  0.000000 0.990220 -0.139513  0.000000 0.139513 0.990220]
RKnee [ 0.000000 0.000000 -15.000000 ] [ 1.000000 0.000000 0.000000  0.000000 0.994967 -0.100203  0.000000 0.100203 0.994967]
RAnkle [ 0.000000 0.000000 -15.000000 ] [ 1.000000 0.000000 0.000000  0.000000 0.953482 0.301449  0.000000 -0.301449 0.953482]

frame 1
frame 2
frame 3
frame 4
LHip [ -4.000000 0.000000 0.000000 ] [ 1.000000 0.000000 0.000000  0.000000 0.984161 -0.177276  0.000000 0.177276 0.984161]
LKnee [ 0.000000 0.000000 -15.000000 ] [ 1.000000 0.000000 0.000000  0.000000 0.997378 -0.072366  0.000000 0.072366 0.997378]
LAnkle [ 0.000000 0.000000 -15.000000 ] [ 1.000000 0.000000 0.000000  0.000000 0.955938 0.293570  0.000000 -0.293570 0.955938]
RHip [ 4.000000 0.000000 0.000000 ] [ 1.000000 0.000000 0.000000  0.000000 0.939150 0.343508  0.000000 -0.343508 0.939150]
RKnee [ 0.000000 0.000000 -15.000000 ] [ 1.000000 0.000000 0.000000  0.000000 0.910969 -0.412475  0.000000 0.412475 0.910969]
RAnkle [ 0.000000 0.000000 -15.000000 ] [ 1.000000 0.000000 0.000000  0.000000 0.995923 0.090204  0.000000 -0.090204 0.995923]

frame 5
frame 6
frame 7
frame 8
frame 9
