frame 0
Hip [ 0 0 34 ] [ 1 0 0 0 0.999334 -0.0365047 0 0.0365047 0.999334 ]
LHip [ -4 0 0 ] [ 1 0 0 0 1 0 0 0 1 ]
LKnee [ 0 2 -15 ] [ 1 0 0 0 1 0 0 0 1 ]
LAnkle [ 0 -2.00001 -15.0001 ] [ 1 0 0 0 1 0 0 0 1 ]
RHip [ 4 0 0 ] [ 1 0 0 0 1 0 0 0 1 ]
RKnee [ 0 2 -15 ] [ 1 0 0 0 1 0 0 0 1 ]
RAnkle [ 0 -2.00001 -15.0001 ] [ 1 0 0 0 1 0 0 0 1 ]

frame 1
frame 2
frame 3
frame 4
Hip [ 0 -14.9955 31.592 ] [ 1 0 0 0 0.908248 0.418432 0 -0.418432 0.908248 ]
LHip [ -4 0 0 ] [ 0.999827 -0.00507567 -0.0179208 0.00410869 0.998555 -0.0535887 0.0181669 0.0535057 0.998402 ]
LKnee [ 0 2 -15 ] [ 0.999894 0.00158733 0.0144932 -0.0021916 0.999125 0.0417729 -0.0144142 -0.0418002 0.999022 ]
LAnkle [ 0 -2.00001 -15.0001 ] [ 0.999999 -0.00110277 0.00119341 0.0014576 0.933381 -0.358884 -0.000718144 0.358885 0.933381 ]
RHip [ 4 0 0 ] [ 0.999903 -0.00399573 -0.0133596 0.00330962 0.998694 -0.0509901 0.0135459 0.0509409 0.99861 ]
RKnee [ 0 2 -15 ] [ 0.99993 0.00144844 0.0117072 -0.00184315 0.999428 0.0337751 -0.0116516 -0.0337944 0.999361 ]
RAnkle [ 0 -2.00001 -15.0001 ] [ 0.999999 -0.000528984 0.000860408 0.000815145 0.925694 -0.378273 -0.000596373 0.378273 0.925694 ]

frame 5
frame 6
frame 7
frame 8
frame 9
Hip [ 0 -29.3342 20.8653 ] [ 1 0 0 0 0.525914 0.850538 0 -0.850538 0.525914 ]
LKnee [ 0 2.00002 -15 ] [ 0.999463 0.00356888 0.0325828 -0.00661284 0.995569 0.0937963 -0.032104 -0.0939632 0.995058 ]
RKnee [ 0 2.00001 -15 ] [ 0.999648 0.00325795 0.0263303 -0.00524984 0.997099 0.0759376 -0.0260067 -0.0760501 0.996765 ]

frame 10
frame 11
frame 12
frame 13
frame 14
Hip [ 1.37844 -36.6609 4.21884 ] [ 1 0 0 0 -0.0314949 0.999504 0 -0.999504 -0.0314949 ]
LHip [ -4 0 0 ] [ 0.997875 -0.0177571 -0.0626954 0.0057714 0.982457 -0.186401 0.0649055 0.185643 0.980471 ]
LKnee [ 0 2 -15 ] [ 0.998698 0.00555428 0.0507133 -0.012898 0.989252 0.145654 -0.0493592 -0.146119 0.988035 ]
LAnkle [ 0 -2.00001 -15.0001 ] [ 1 0 0 0 1 0 0 0 1 ]
RHip [ 4 0 0 ] [ 0.998809 -0.0139816 -0.0467471 0.00546747 0.984103 -0.177517 0.0484859 0.17705 0.983007 ]
RKnee [ 0 2 -15 ] [ 0.999148 0.00506874 0.0409678 -0.00987582 0.992964 0.118003 -0.0400814 -0.118307 0.992168 ]
RAnkle [ 0 -2.00001 -15.0001 ] [ 1 0 0 0 1 0 0 0 1 ]

