frame 0
Hip [ -3.45012 42.1221 3.52932 ] [ 0.9938 0.106234 -0.0327927 -0.0208196 -0.111913 -0.9935 -0.109214 0.988023 -0.109008 ]
LHip [ -4 0 0 ] [ 0.999985 -0.00540722 0.000894299 0.00535694 0.998785 0.0489791 -0.00115806 -0.0489736 0.998799 ]
LKnee [ 0 2 -15 ] [ 0.999932 0.0113585 -0.00278754 -0.0115874 0.99447 -0.104384 0.00158648 0.104409 0.994533 ]
LAnkle [ 0 -1.99583 -14.9994 ] [ 1 0 -0.000383635 0 0.999861 -0.0166781 0.000383526 0.0166781 0.999861 ]
RHip [ 4 0 0 ] [ 0.999976 -0.0068716 0.00108994 0.00679057 0.998043 0.0621643 -0.00151497 -0.0621554 0.998065 ]
RKnee [ 0 2 -15 ] [ 0.999881 0.0149267 -0.00392687 -0.0153251 0.990369 -0.1376 0.00183514 0.137644 0.99048 ]
RAnkle [ 0 -1.99583 -14.9994 ] [ 1 0 -0.000377221 0 0.999866 -0.0164002 0.000377117 0.0164002 0.999865 ]

frame 1
frame 2
frame 3
frame 4
Hip [ -1.91673 30.6485 25.6705 ] [ 0.998085 0.0591096 -0.0182461 -0.0497753 0.592217 -0.80424 -0.0367251 0.803442 0.594249 ]
LAnkle [ 0 -1.99583 -14.9994 ] [ 1 0 -0.000383636 0 0.999865 -0.0166782 0.000373458 0.0162399 0.999864 ]
RAnkle [ 0 -1.99583 -14.9994 ] [ 1 0 -0.000377239 0 0.99987 -0.0164003 0.000367058 0.0159619 0.999868 ]

frame 5
frame 6
Hip [ -1.15004 18.3891 29.5844 ] [ 0.99931 0.0354821 -0.0109527 -0.0358689 0.845987 -0.531995 -0.00961043 0.532021 0.846676 ]
LAnkle [ 0.000113502 -1.99498 -14.9993 ] [ 0.999732 -0.0132372 0.0189708 0 0.819309 0.573306 -0.0231329 -0.573199 0.819122 ]
RAnkle [ 0.000113502 -1.99498 -14.9993 ] [ 0.999724 -0.0146797 0.0183669 0.00238556 0.840456 0.541828 -0.0233914 -0.541682 0.840289 ]

frame 7
Hip [ -0.766694 12.4522 31.8273 ] [ 0.999693 0.0236583 -0.00730294 -0.0246908 0.930535 -0.36537 -0.00184841 0.36544 0.930833 ]

frame 8
frame 9
Hip [ 0 0 34 ] [ 1 0 0 0 1 0 0 0 1 ]
LKnee [ 0 2 -15 ] [ 1 0 0 0 1 0 0 0 1 ]
LAnkle [ 0 -1.99583 -14.9994 ] [ 1 0 -0.000383635 0 0.999861 -0.0166781 0.00038353 0.0166781 0.999861 ]
RHip [ 4 0 0 ] [ 0.999976 -0.0068716 0.00108994 0.00679056 0.998043 0.0621643 -0.00151498 -0.0621554 0.998065 ]
RKnee [ 0 2 -15 ] [ 1 0 0 0 1 0 0 0 1 ]
RAnkle [ 0 -1.99583 -14.9994 ] [ 1 0 -0.000377224 0 0.999866 -0.0164002 0.000377122 0.0164002 0.999865 ]

