frame 0
Hip [ 0 0 34 ] [ 1 0 0 0 1 0 0 0 1 ]
LHip [ -4 0 0 ] [ 1 0 0 0 1 0 0 0 1 ]
LKnee [ 0 2 -15 ] [ 1 0 0 0 1 0 0 0 1 ]
RHip [ 4 0 0 ] [ 1 0 0 0 1 0 0 0 1 ]
RKnee [ 0 2 -15 ] [ 1 0 0 0 1 0 0 0 1 ]
RShoulder [ 7 0 -1 ] [ 0.629 0.767 -0.127 -0.641 0.419 -0.643 -0.439 0.486 0.755 ]
RElbow [ 7 -1.5 -6.5 ] [ 0.984 0.137 0.11 -0.075 0.896 -0.437 -0.159 0.422 0.893 ]

frame 1
frame 2
frame 3
frame 4
LHip [ -4 0 0 ] [ 0.609 0.664 0.441 -0.787 0.576 0.227 -0.104 -0.473 0.87 ]
LKnee [ -0.131 1.863 -14.749 ] [ 0.944 0.351 0.005 -0.343 0.93 -0.131 -0.038 0.137 0.983 ]
RHip [ 4 0 0 ] [ 0.988 -0.102 -0.12 0.157 0.619 0.776 -0.005 -0.779 0.62 ]
RKnee [ -0.018 2.097 -14.739 ] [ 0.811 -0.555 0.207 0.585 0.747 -0.328 0.025 0.398 0.909 ]

frame 5
frame 6
frame 7
frame 8
frame 9
Hip [ -20.95 -31.854 6.472 ] [ 0.849 -0.524 0.068 -0.007 0.119 0.993 -0.528 -0.843 0.098 ]
LHip [ -4 0 0 ] [ 1 0 0 0 1 0 0 0 1 ]
LKnee [ 0 2 -15 ] [ 1 0 0 0 1 0 0 0 1 ]
RHip [ 4 0 0 ] [ 1 0 0 0 1 0 0 0 1 ]
RKnee [ 0 2 -15 ] [ 1 0 0 0 1 0 0 0 1 ]
RShoulder [ 7 0 -1 ] [ 0.209 0.736 -0.645 -0.886 0.421 0.194 0.414 0.531 0.74 ]
RElbow [ 7 -1.5 -6.5 ] [ 0.894 0.445 -0.045 -0.439 0.892 0.107 0.087 -0.076 0.993 ]

