frame 0
LShoulder [ -7 0 -1 ] [ 0.390055 -0.919371 0.0511325 0.764832 0.354411 0.537981 -0.512726 -0.170735 0.841405 ]
LElbow [ -7 -1.5 -6.5 ] [ 0.883165 0.362278 0.297951 -0.459904 0.543877 0.701916 0.0922397 -0.756936 0.646946 ]
LWrist [ -6 1.5 -5.5 ] [ 0.219328 0.617566 0.755319 -0.794707 0.562184 -0.228889 -0.565983 -0.550055 0.614087 ]
RShoulder [ 7 0 -1 ] [ 0.71047 0.22828 -0.665674 -0.00615318 0.947904 0.318498 0.703701 -0.222187 0.674861 ]
RElbow [ 7 -1.5 -6.5 ] [ 0.451776 0.851848 -0.265052 -0.723277 0.523658 0.450169 0.522272 -0.0116697 0.852699 ]
RWrist [ 6 1.5 -5.5 ] [ 0.613128 0.362091 -0.702114 -0.337327 0.923671 0.181778 0.714342 0.125389 0.688472 ]
RAttach [ 2 0 -3 ] [ 1 0 0 0 1 0 0 0 1 ]

frame 1
frame 2
frame 3
LShoulder [ -7 0 -1 ] [ 0.382466 -0.894492 0.231525 0.774554 0.447009 0.447492 -0.503772 0.008178 0.863798 ]
LElbow [ -7 -1.5 -6.5 ] [ 0.98854 0.142078 0.0510073 -0.115317 0.492685 0.862533 0.0974161 -0.858531 0.503423 ]
RShoulder [ 7 0 -1 ] [ 0.729658 0.241141 -0.639883 -0.00834338 0.938828 0.344284 0.683762 -0.245871 0.687035 ]

frame 4
LShoulder [ -7 0 -1 ] [ 0.353804 -0.873011 0.33567 0.742066 0.480463 0.467434 -0.569352 0.0837096 0.817821 ]
LElbow [ -7 -1.5 -6.5 ] [ 0.994732 0.10106 0.0171993 -0.0640311 0.481495 0.874107 0.0800556 -0.870603 0.48543 ]
RShoulder [ 7 0 -1 ] [ 0.712316 0.0751279 -0.697827 0.0213141 0.991481 0.128499 0.701535 -0.106406 0.704646 ]
RElbow [ 7 -1.5 -6.5 ] [ 0.352688 0.920145 -0.170129 -0.772146 0.38888 0.502556 0.528584 -0.045881 0.84764 ]

frame 5
frame 6
frame 7
frame 8
frame 9
LShoulder [ -7 0 -1 ] [ 0.390055 -0.919371 0.0511325 0.764832 0.354411 0.537981 -0.512726 -0.170735 0.841405 ]
LElbow [ -7 -1.5 -6.5 ] [ 0.883165 0.36228 0.297948 -0.459904 0.54388 0.701914 0.0922409 -0.756933 0.64695 ]
LWrist [ -6 1.5 -5.5 ] [ 0.219325 0.617567 0.75532 -0.794707 0.562182 -0.228892 -0.565983 -0.550057 0.614086 ]
RShoulder [ 7 0 -1 ] [ 0.71047 0.22828 -0.665674 -0.00615318 0.947904 0.318498 0.703701 -0.222187 0.674861 ]
RElbow [ 7 -1.5 -6.5 ] [ 0.451777 0.851849 -0.265051 -0.723278 0.523658 0.450167 0.52227 -0.0116697 0.8527 ]
RWrist [ 6 1.5 -5.5 ] [ 0.613127 0.362095 -0.702113 -0.337329 0.923669 0.18178 0.714341 0.125389 0.688472 ]

