frame 0
RShoulder [ 7 0 -1 ] [ 0.726254 0.111521 -0.67832 0.0913012 0.962363 0.255973 0.681336 -0.247833 0.688738 ]
RElbow [ 7 -1.5 -6.5 ] [ 0.710952 0.689782 0.136921 -0.623422 0.528104 0.576586 0.32541 -0.495285 0.805482 ]

frame 1
RShoulder [ 7 0 -1 ] [ 0.715783 0.0221723 -0.697971 0.106628 0.984305 0.140618 0.690134 -0.175075 0.702185 ]
RElbow [ 7 -1.5 -6.5 ] [ 0.559241 0.789649 0.252395 -0.715297 0.30573 0.628395 0.419047 -0.531962 0.73581 ]

frame 2
LShoulder [ -7 0 -1 ] [ 0.737249 -0.218187 0.639421 -0.0148865 0.940943 0.338239 -0.675457 -0.258885 0.690461 ]
LElbow [ -7 -1.5 -6.5 ] [ 0.725665 -0.66638 -0.171312 0.637937 0.558347 0.530364 -0.257772 -0.494153 0.830281 ]

frame 3
LShoulder [ -7 0 -1 ] [ 0.737249 -0.0839934 0.67038 -0.0148865 0.989982 0.140408 -0.675458 -0.113495 0.728612 ]
LElbow [ -7 -1.5 -6.5 ] [ 0.601248 -0.738342 -0.305537 0.714563 0.325674 0.619142 -0.357632 -0.590583 0.723402 ]
LWrist [ -6 1.5 -5.5 ] [ 0.966895 -0.185376 -0.17536 0.246297 0.857678 0.45136 0.0667315 -0.479608 0.874942 ]
RWrist [ 5.99971 1.4996 -5.4996 ] [ 0.99036 0.0805492 0.112747 -0.126727 0.85531 0.50243 -0.0559187 -0.511806 0.857241 ]
LAttach [ -2.04344 1.17064 -4.26911 ] [ -0.757338 0.110797 0.643557 -0.109046 0.950207 -0.291917 -0.643857 -0.291258 -0.707544 ]

frame 4
RShoulder [ 7 0 -1 ] [ 0.726254 0.111521 -0.67832 0.0913012 0.962363 0.255973 0.681336 -0.247833 0.688738 ]
RElbow [ 7 -1.5 -6.5 ] [ 0.709938 0.691052 0.135779 -0.624022 0.527873 0.576148 0.326474 -0.493759 0.805988 ]
RAttach [ 2.07935 1.72661 -3.74958 ] [ -0.703211 -0.299916 -0.644628 -0.111398 0.941953 -0.316726 0.702201 -0.150915 -0.695801 ]

