frame 0
Hip [ 0 0 34 ] [ 1 0 0 0 1 0 0 0 1 ]
LHip [ -4 0 0 ] [ 1 0 0 0 1 0 0 0 1 ]
RHip [ 4 0 0 ] [ 1 0 0 0 1 0 0 0 1 ]
Spine [ 0 0 7 ] [ 1 0 0 0 1 0 0 0 1 ]
Spine2 [ 0 0 7 ] [ 1 0 0 0 1 0 0 0 1 ]
LShoulder [ -7 0 -1 ] [ 0.390055 -0.919371 0.0511325 0.764832 0.354411 0.537981 -0.512726 -0.170735 0.841405 ]
LElbow [ -7 -1.5 -6.5 ] [ 0.883165 0.362278 0.297951 -0.459904 0.543877 0.701916 0.0922397 -0.756936 0.646946 ]
LWrist [ -6 1.5 -5.5 ] [ 0.219328 0.617566 0.755319 -0.794707 0.562184 -0.228889 -0.565983 -0.550055 0.614087 ]
RShoulder [ 7 0 -1 ] [ 0.71047 0.22828 -0.665674 -0.00615318 0.947904 0.318498 0.703701 -0.222187 0.674861 ]
RElbow [ 7 -1.5 -6.5 ] [ 0.451776 0.851848 -0.265052 -0.723277 0.523658 0.450169 0.522272 -0.0116697 0.852699 ]
RWrist [ 6 1.5 -5.5 ] [ 0.613128 0.362091 -0.702114 -0.337327 0.923671 0.181778 0.714342 0.125389 0.688472 ]

frame 1
frame 2
frame 3
Hip [ 0 0 34 ] [ 1 0 0 0 1 0 0 0 1 ]
LHip [ -4 0 0 ] [ 1 0 0 0 1 0 0 0 1 ]
RHip [ 4 0 0 ] [ 1 0 0 0 1 0 0 0 1 ]
Spine [ 0 0 7 ] [ 1 0 0 0 1 0 0 0 1 ]
Spine2 [ 0 0 7 ] [ 1 0 0 0 1 0 0 0 1 ]
LShoulder [ -7 0 -1 ] [ 0.382466 -0.894492 0.231525 0.774554 0.447009 0.447492 -0.503772 0.008178 0.863798 ]
LElbow [ -7 -1.5 -6.5 ] [ 0.996543 0.0758538 -0.0338925 -0.00556862 0.468011 0.883705 0.0828943 -0.880461 0.466816 ]
RShoulder [ 7 0 -1 ] [ 0.729658 0.241141 -0.639883 -0.00834338 0.938828 0.344284 0.683762 -0.245871 0.687035 ]

frame 4
Hip [ 0 0 34 ] [ 1 0 0 0 0.995736 0.0922525 0 -0.0922525 0.995736 ]
LHip [ -4 0 0 ] [ 1 0 0 0 0.994308 -0.106548 0 0.106548 0.994308 ]
RHip [ 4 0 0 ] [ 1 0 0 0 0.994303 -0.106589 0 0.106589 0.994303 ]
Spine [ 0 0 7 ] [ 1 0 0 0 0.980997 0.194024 0 -0.194024 0.980997 ]
Spine2 [ 0 0 7 ] [ 1 0 0 0 0.991624 0.129156 0 -0.129156 0.991624 ]
LShoulder [ -7 0 -1 ] [ 0.353804 -0.873011 0.33567 0.742066 0.480463 0.467434 -0.569352 0.0837096 0.817821 ]
LElbow [ -7 -1.5 -6.5 ] [ 0.977798 0.179342 0.108389 -0.186923 0.512667 0.837993 0.0947195 -0.839649 0.534807 ]
RShoulder [ 7 0 -1 ] [ 0.712316 0.0751279 -0.697827 0.0213141 0.991481 0.128499 0.701535 -0.106406 0.704646 ]
RElbow [ 7 -1.5 -6.5 ] [ 0.352688 0.920145 -0.170129 -0.772146 0.38888 0.502556 0.528584 -0.045881 0.84764 ]

frame 5
frame 6
frame 7
frame 8
frame 9
Hip [ 0 0 34 ] [ 1 0 0 0 1 0 0 0 1 ]
LHip [ -4 0 0 ] [ 1 0 0 0 1 0 0 0 1 ]
RHip [ 4 0 0 ] [ 1 0 0 0 1 0 0 0 1 ]
Spine [ 0 0 7 ] [ 1 0 0 0 1 0 0 0 1 ]
Spine2 [ 0 0 7 ] [ 1 0 0 0 1 0 0 0 1 ]
LShoulder [ -7 0 -1 ] [ 0.390055 -0.919371 0.0511325 0.764832 0.354411 0.537981 -0.512726 -0.170735 0.841405 ]
LElbow [ -7 -1.5 -6.5 ] [ 0.883165 0.36228 0.297948 -0.459904 0.54388 0.701914 0.0922409 -0.756933 0.64695 ]
LWrist [ -6 1.5 -5.5 ] [ 0.219325 0.617567 0.75532 -0.794707 0.562182 -0.228892 -0.565983 -0.550057 0.614086 ]
RShoulder [ 7 0 -1 ] [ 0.71047 0.22828 -0.665674 -0.00615318 0.947904 0.318498 0.703701 -0.222187 0.674861 ]
RElbow [ 7 -1.5 -6.5 ] [ 0.451777 0.851849 -0.265051 -0.723278 0.523658 0.450167 0.52227 -0.0116697 0.8527 ]
RWrist [ 6 1.5 -5.5 ] [ 0.613127 0.362095 -0.702113 -0.337329 0.923669 0.18178 0.714341 0.125389 0.688472 ]
RAttach [ 3.02638 2.33163 -3.19401 ] [ 0.654588 0.292838 -0.696965 -0.169979 0.955334 0.241751 0.736629 -0.0397783 0.675126 ]

