frame 0
LShoulder [ -7 0 0 ] [ 0.876567 0 -0.48128 0 1 0 0.48128 0 0.876567 ]
LElbow [ -10 0 0 ] [ 1 0 0 0 1 0 0 0 1 ]
LWrist [ -8 0 0 ] [ 1 0 0 0 1 0 0 0 1 ]
RShoulder [ 7 0 0 ] [ 0.850408 0 -0.526123 0 1 0 0.526123 0 0.850408 ]
RElbow [ 10 0 0 ] [ 1 0 0 0 1 0 0 0 1 ]
RWrist [ 8 0 0 ] [ 1 0 0 0 1 0 0 0 1 ]
LAttach [ -4 0 0 ] [ 0.00996612 0 0.99995 0 1 0 -0.99995 0 0.00996612 ]
RAttach [ 4 0 0 ] [ 0.00450583 0 -0.99999 0 1 0 0.99999 0 0.00450583 ]

frame 1
frame 2
frame 3
frame 4
frame 5
frame 6
frame 7
frame 8
frame 9
LShoulder [ -7 0 0 ] [ 0.352244 -0.935908 0 0.935908 0.352244 0 0 0 1 ]
LElbow [ -10 0 0 ] [ 0.18243 -0.937146 0.29745 0.975739 0.135312 -0.172118 0.121051 0.321632 0.939095 ]
RShoulder [ 7 0 0 ] [ 0.827881 0.161206 0.537239 -0.135228 0.986921 -0.087754 -0.544359 0 0.838852 ]
RElbow [ 10 0 0 ] [ 0.998672 0.0515175 0 -0.0515175 0.998672 0 0 0 1 ]

frame 10
frame 11
frame 12
frame 13
frame 14
frame 15
frame 16
frame 17
frame 18
frame 19
LShoulder [ -7 0 0 ] [ 0.768945 -0.012 0.639202 0.009228 0.999928 0.00767098 -0.639248 0 0.769 ]
LElbow [ -10 0 0 ] [ 0.9773 -0.21186 0 0.21186 0.9773 0 0 0 1 ]
RShoulder [ 7 0 0 ] [ 0.5155 0.856889 0 -0.856889 0.5155 0 0 0 1 ]
RElbow [ 10 0 0 ] [ -0.129208 0.955546 -0.265021 -0.980537 -0.162958 -0.109501 -0.14782 0.245714 0.958005 ]

frame 20
frame 21
frame 22
frame 23
frame 24
frame 25
frame 26
frame 27
frame 28
frame 29
RShoulder [ 7 0 0 ] [ 0.836759 0.081219 -0.541515 -0.0681859 0.996696 0.0441271 0.54331 0 0.839532 ]

