frame 0
Hip [ 0 0 32.16 ] [ 1 0 0 0 1 0 0 0 1 ]
LHip [ -4 0 0 ] [ 1 0 0 0 0.845 0.535 0 -0.535 0.845 ]
LKnee [ 0 0 -15 ] [ 1 0 0 0 0.865 -0.501 0 0.501 0.865 ]
LAnkle [ 0 0 -15 ] [ 1 0 0.005 0 0.995 -0.101 -0.005 0.101 0.995 ]
RHip [ 4 0 0 ] [ 1 0 0 0 0.99 -0.14 0 0.14 0.99 ]
RKnee [ 0 0 -15 ] [ 1 0 -0.012 -0.004 0.944 -0.33 0.012 0.33 0.944 ]
RAnkle [ 0 0 -15 ] [ 1 -0.002 0.008 -0.001 0.896 0.444 -0.008 -0.444 0.896 ]
Spine [ 0 0 7 ] [ 0.998 0.056 0 -0.056 0.998 0 0 0 1 ]
LShoulder [ -7 0 -1 ] [ 0.787 0.012 0.617 0.012 1 -0.035 -0.617 0.035 0.786 ]
LElbow [ -7 -1.5 -6.5 ] [ 0.996 0.049 -0.075 -0.055 0.995 -0.085 0.07 0.088 0.994 ]
RShoulder [ 7 0 -1 ] [ 0.756 0.048 -0.652 0.014 0.996 0.089 0.654 -0.076 0.753 ]
RElbow [ 7 -1.5 -6.5 ] [ 0.984 0.176 0.033 -0.179 0.957 0.227 0.009 -0.229 0.973 ]
Head [ 0 0 6 ] [ 0.998 -0.06 0 0.06 0.998 0 0 0 1 ]

frame 1
Hip [ 0 0 33.31 ] [ 1 0 0 0 1 0 0 0 1 ]
LAnkle [ 0 0 -15 ] [ 1 0 0 0 1 -0.012 0 0.012 1 ]

frame 2
Hip [ 0 0 33.46 ] [ 1 0 0 0 1 0 0 0 1 ]
LKnee [ 0 0 -15 ] [ 1 0.004 0.003 -0.003 0.967 -0.256 -0.003 0.256 0.967 ]
LAnkle [ 0 0 -15 ] [ 1 0 0 0 0.997 0.083 0 -0.083 0.997 ]
RKnee [ 0 0 -15 ] [ 1 0 0 0 0.689 -0.725 0 0.725 0.689 ]
RAnkle [ 0 0 -15 ] [ 1 0.005 -0.01 -0.002 0.932 0.362 0.011 -0.362 0.932 ]

frame 3
Hip [ -0.006 -0.165 33.31 ] [ 1 0 0 0 1 0 0 0 1 ]
LAnkle [ 0 0 -15 ] [ 1 -0.003 0.008 0 0.954 0.299 -0.009 -0.299 0.954 ]
RAnkle [ 0 0 -15 ] [ 1 0.002 0 -0.002 0.98 0.199 0 -0.199 0.98 ]

frame 4
Hip [ 0 -0.093 32.03 ] [ 1 0 0 0 1 0.003 0 -0.003 1 ]
LHip [ -4 0 0 ] [ 1 0 0 0 0.984 -0.177 0 0.177 0.984 ]
LKnee [ 0 0 -15 ] [ 1 0 -0.018 -0.007 0.917 -0.398 0.016 0.398 0.917 ]
LAnkle [ 0 0 -15 ] [ 1 -0.005 0.013 -0.001 0.886 0.464 -0.014 -0.464 0.886 ]
RHip [ 4 0 0 ] [ 1 0 0 0 0.854 0.519 0 -0.519 0.854 ]
RKnee [ 0 0 -15 ] [ 1 0.003 0.006 0 0.918 -0.398 -0.006 0.398 0.918 ]
RAnkle [ 0 0 -15 ] [ 1 0 -0.003 0 0.971 -0.24 0.002 0.24 0.971 ]
Spine [ 0 0 7 ] [ 0.996 -0.094 0 0.094 0.996 0 0 0 1 ]
LElbow [ -7 -1.5 -6.5 ] [ 0.961 -0.263 -0.088 0.277 0.896 0.347 -0.012 -0.358 0.934 ]
RElbow [ 7 -1.5 -6.5 ] [ 0.997 -0.061 0.044 0.065 0.993 -0.095 -0.038 0.097 0.994 ]
Head [ 0 0 6 ] [ 0.995 0.099 0 -0.099 0.995 0 0 0 1 ]

frame 5
Hip [ 0 -0.139 32.43 ] [ 1 0 0 0 1 0 0 0 1 ]
LKnee [ 0 0 -15 ] [ 1 -0.001 -0.015 -0.008 0.789 -0.615 0.013 0.615 0.789 ]
LAnkle [ 0 0 -15 ] [ 1 -0.002 0.005 0 0.881 0.473 -0.006 -0.473 0.881 ]
RAnkle [ 0 0 -15 ] [ 1 0 0.007 0 0.998 0.058 -0.007 -0.058 0.998 ]

frame 6
Hip [ 0 -0.185 33.17 ] [ 1 0 0 0 1 0.003 0 -0.003 1 ]
LKnee [ 0 0 -15 ] [ 1 0 0 0 0.787 -0.617 0 0.617 0.787 ]
LAnkle [ 0 0 -15 ] [ 1 0 0 0 0.927 0.376 0 -0.376 0.927 ]
RAnkle [ 0 0 -15 ] [ 1 0 0 0 1 0.009 0 -0.009 1 ]

frame 7
Hip [ 0 -0.231 33.31 ] [ 1 0 0 0 1 0 0 0 1 ]
RKnee [ 0 0 -15 ] [ 1 0.003 0.002 -0.003 0.957 -0.289 -0.002 0.289 0.957 ]
RAnkle [ 0 0 -15 ] [ 1 0 0.002 0 0.992 0.123 -0.002 -0.123 0.992 ]

frame 8
Hip [ -0.003 -0.213 33.74 ] [ 1 0 0 0 1 0.003 0 -0.003 1 ]
LKnee [ 0 0 -15 ] [ 1 0 0 0 0.662 -0.75 0 0.75 0.662 ]
LAnkle [ 0 0 -15 ] [ 1 0.001 -0.003 0 0.965 0.263 0.003 -0.263 0.965 ]
RKnee [ 0 0 -15 ] [ 1 0.002 0 -0.002 0.963 -0.268 0 0.268 0.963 ]
RAnkle [ 0 0 -15 ] [ 1 0 0 0 0.988 0.156 0 -0.156 0.988 ]
RShoulder [ 7 0 -1 ] [ 0.783 0.011 -0.622 0.012 1 0.033 0.622 -0.034 0.783 ]

frame 9
Hip [ -0.006 -0.196 33.31 ] [ 1 0 0 0 1 0.002 0 -0.002 1 ]
LHip [ -4 0 0 ] [ 1 0 0 0 0.849 0.529 0 -0.529 0.849 ]
LAnkle [ 0 0 -15 ] [ 1 -0.001 0.006 0 1 0.023 -0.006 -0.023 1 ]
RKnee [ 0 0 -15 ] [ 1 0 -0.004 -0.002 0.966 -0.257 0.004 0.257 0.966 ]
RAnkle [ 0 0 -15 ] [ 1 0 0.001 0 0.967 0.256 -0.001 -0.256 0.967 ]
LShoulder [ -7 0 -1 ] [ 0.8 0.008 0.6 0.005 1 -0.019 -0.6 0.018 0.799 ]
RShoulder [ 7 0 -1 ] [ 0.783 0.012 -0.622 0.012 1 0.034 0.622 -0.034 0.782 ]

