frame 0
LHip [ -4 0 0 ] [ 1 0 0 0 0.844905 0.534916 0 -0.534916 0.844905 ]
LKnee [ 0 0 -15 ] [ 1 0 0 0 0.86529 -0.501271 0 0.501271 0.86529 ]
LAnkle [ 0 0 -15 ] [ 1 0 0 0 0.974118 -0.226042 0 0.226042 0.974118 ]
RHip [ 4 0 0 ] [ 1 0 0 0 0.99022 -0.139513 0 0.139513 0.99022 ]
RKnee [ 0 0 -15 ] [ 1 0 0 0 0.994967 -0.100203 0 0.100203 0.994967 ]
RAnkle [ 0 0 -15 ] [ 1 0 0 0 0.953482 0.301449 0 -0.301449 0.953482 ]
Spine [ 0 0 7 ] [ 0.998404 0.0564706 0 -0.0564706 0.998404 0 0 0 1 ]
LShoulder [ -7 0 0 ] [ 0.271729 0 0.962374 0 1 0 -0.962374 0 0.271729 ]
LElbow [ -10 0 0 ] [ 1 0 0 0 1 0 0 0 1 ]
RShoulder [ 7 0 0 ] [ 0.361579 0.363205 -0.858687 0 0.921 0.389562 0.932341 -0.140858 0.333014 ]
RElbow [ 10 0 0 ] [ 0.739482 0.665558 0.100986 -0.665551 0.700317 0.258067 0.101037 -0.258048 0.960834 ]
Head [ 0 0 6 ] [ 0.998199 -0.0599867 0 0.0599867 0.998199 0 0 0 1 ]

frame 1
frame 2
RKnee [ 0 0 -15 ] [ 1 0 0 0 0.688834 -0.724919 0 0.724919 0.688834 ]
RAnkle [ 0 0 -15 ] [ 1 0 0 0 0.834893 0.550413 0 -0.550413 0.834893 ]

frame 3
frame 4
LHip [ -4 0 0 ] [ 1 0 0 0 0.984161 -0.177276 0 0.177276 0.984161 ]
LKnee [ 0 0 -15 ] [ 1 0 0 0 0.997378 -0.072366 0 0.072366 0.997378 ]
LAnkle [ 0 0 -15 ] [ 1 0 0 0 0.978794 0.204848 0 -0.204848 0.978794 ]
RHip [ 4 0 0 ] [ 1 0 0 0 0.854541 0.519384 0 -0.519384 0.854541 ]
RKnee [ 0 0 -15 ] [ 1 0 0 0 0.861616 -0.50756 0 0.50756 0.861616 ]
RAnkle [ 0 0 -15 ] [ 1 0 0 0 0.981493 -0.191496 0 0.191496 0.981493 ]
Spine [ 0 0 7 ] [ 0.995575 -0.0939701 0 0.0939701 0.995575 0 0 0 1 ]
LShoulder [ -7 0 0 ] [ 0.271729 -0.223259 0.936119 0 0.972719 0.231987 -0.962374 -0.0630377 0.264316 ]
LElbow [ -10 0 0 ] [ 0.807806 -0.586948 -0.0542395 0.586944 0.792488 0.165707 -0.0542771 -0.165695 0.984683 ]
RShoulder [ 7 0 0 ] [ 0.361579 0 -0.932341 0 1 0 0.932341 0 0.361579 ]
RElbow [ 10 0 0 ] [ 1 0 0 0 1 -2.4237e-006 0 2.4237e-006 1 ]
Head [ 0 0 6 ] [ 0.995054 0.0993337 0 -0.0993337 0.995054 0 0 0 1 ]

frame 5
frame 6
LKnee [ 0 0 -15 ] [ 1 0 0 0 0.786722 -0.617307 0 0.617307 0.786722 ]
LAnkle [ 0 0 -15 ] [ 1 0 0 0 0.926466 0.376379 0 -0.376379 0.926466 ]

frame 7
frame 8
frame 9
