frame 0
Hip [ 0 0 32.1599 ] [ 1 0 0 0 1 0 0 0 1 ]
LHip [ -4 0 0 ] [ 1 0 0 0 0.844905 0.534916 0 -0.534916 0.844905 ]
LKnee [ 0 0 -15 ] [ 1 0 0 0 0.86529 -0.501271 0 0.501271 0.86529 ]
LAnkle [ 0 0 -15 ] [ 0.999987 0 0.00513783 0.000570665 0.994844 -0.101406 -0.00510628 0.101407 0.994831 ]
RHip [ 4 0 0 ] [ 1 0 0 0 0.99022 -0.139513 0 0.139513 0.99022 ]
RKnee [ 0 0 -15 ] [ 0.999924 0.000268244 -0.0123513 -0.00433445 0.943829 -0.330406 0.0115689 0.330435 0.943758 ]
RAnkle [ 0 0 -15 ] [ 0.999968 -0.00250633 0.00763465 -0.00114106 0.896195 0.443658 -0.00795407 -0.443653 0.896163 ]
Spine [ 0 0 7 ] [ 0.998404 0.0564706 0 -0.0564706 0.998404 0 0 0 1 ]
LShoulder [ -7 0 0 ] [ 0.271729 0 0.962374 0 1 0 -0.962374 0 0.271729 ]
LElbow [ -10 0 0 ] [ 1 0 0 0 1 0 0 0 1 ]
RShoulder [ 7 0 0 ] [ 0.361579 0.363205 -0.858687 0 0.921 0.389562 0.932341 -0.140858 0.333014 ]
RElbow [ 10 0 0 ] [ 0.739482 0.665558 0.100986 -0.665551 0.700317 0.258067 0.101037 -0.258048 0.960834 ]
Head [ 0 0 6 ] [ 0.998199 -0.0599867 0 0.0599867 0.998199 0 0 0 1 ]

frame 1
Hip [ 0 0 33.3064 ] [ 1 0 0 0 1 0 0 0 1 ]
LAnkle [ 0 0 -15 ] [ 1 0 0 0 0.999933 -0.0115629 0 0.0115629 0.999933 ]

frame 2
Hip [ 0 0 33.464 ] [ 1 0 0 0 1 0 0 0 1 ]
LKnee [ 0 0 -15 ] [ 0.99999 0.00372072 0.00255499 -0.00294182 0.966609 -0.256241 -0.00342307 0.25623 0.96661 ]
LAnkle [ 0 0 -15 ] [ 1 0 0 0 0.996559 0.0828831 0 -0.0828831 0.996559 ]
RKnee [ 0 0 -15 ] [ 1 0 0 0 0.688834 -0.724919 0 0.724919 0.688834 ]
RAnkle [ 0 0 -15 ] [ 0.999938 0.00534727 -0.00975295 -0.0014562 0.932245 0.361825 0.0110269 -0.361789 0.932195 ]

frame 3
Hip [ -0.00621772 -0.164881 33.3125 ] [ 1 0 0 0 1 0 0 0 1 ]
LAnkle [ 0 0 -15 ] [ 0.999964 -0.00273086 0.00801475 0.000207907 0.954195 0.299186 -0.00846464 -0.299172 0.954161 ]
RAnkle [ 0 0 -15 ] [ 0.999998 0.0018204 0.000946038 -0.00197214 0.980038 0.198801 -0.000565256 -0.198802 0.98004 ]

frame 4
Hip [ 0 -0.09248 32.029 ] [ 1 0 0.000147835 0 0.999996 0.00282085 -0.000147835 -0.00282085 0.999996 ]
LHip [ -4 0 0 ] [ 1 0 0 0 0.984161 -0.177276 0 0.177276 0.984161 ]
LKnee [ 0 0 -15 ] [ 0.999845 0.000168076 -0.0175916 -0.00716247 0.917216 -0.398325 0.0160684 0.39839 0.917075 ]
LAnkle [ 0 0 -15 ] [ 0.999896 -0.0054683 0.0133501 -0.00134958 0.885866 0.463939 -0.0143633 -0.463909 0.885767 ]
RHip [ 4 0 0 ] [ 1 0 0 0 0.854541 0.519384 0 -0.519384 0.854541 ]
RKnee [ 0 0 -15 ] [ 0.999979 0.00301013 0.00572001 -0.000487456 0.917543 -0.397636 -0.00644529 0.397624 0.917526 ]
RAnkle [ 0 0 -15 ] [ 0.999997 0 -0.00258829 -0.000523794 0.970833 -0.239757 0.0025367 0.239758 0.97083 ]
Spine [ 0 0 7 ] [ 0.995575 -0.0939701 0 0.0939701 0.995575 0 0 0 1 ]
LShoulder [ -7 0 0 ] [ 0.271729 -0.223259 0.936119 0 0.972719 0.231987 -0.962374 -0.0630377 0.264316 ]
LElbow [ -10 0 0 ] [ 0.807806 -0.586948 -0.0542395 0.586944 0.792488 0.165707 -0.0542771 -0.165695 0.984683 ]
RShoulder [ 7 0 0 ] [ 0.361579 0 -0.932341 0 1 0 0.932341 0 0.361579 ]
RElbow [ 10 0 0 ] [ 1 0 0 0 1 0 0 0 1 ]
Head [ 0 0 6 ] [ 0.995054 0.0993337 0 -0.0993337 0.995054 0 0 0 1 ]

frame 5
Hip [ 0 -0.13872 32.4289 ] [ 1 0 0 0 1 0 0 0 1 ]
LKnee [ 0 0 -15 ] [ 0.999883 -0.00121292 -0.0152588 -0.00842401 0.788713 -0.614703 0.0127804 0.61476 0.788611 ]
LAnkle [ 0 0 -15 ] [ 0.999984 -0.00244129 0.00500253 -0.00021288 0.881262 0.472635 -0.00556227 -0.472623 0.881244 ]
RAnkle [ 0 0 -15 ] [ 0.999978 -0.000651846 0.00664578 0.000262583 0.998293 0.0584183 -0.00667241 -0.0584041 0.99827 ]

frame 6
Hip [ 0 -0.18496 33.1671 ] [ 1 0 0.000147835 0 0.999996 0.00282085 -0.000147835 -0.00282085 0.999996 ]
LKnee [ 0 0 -15 ] [ 1 0 0 0 0.786722 -0.617307 0 0.617307 0.786722 ]
LAnkle [ 0 0 -15 ] [ 1 0 0 0 0.926466 0.376379 0 -0.376379 0.926466 ]
RAnkle [ 0 -0.000160977 -15 ] [ 1 0.000173265 0 -0.000172916 0.999956 0.00944421 0 -0.00944409 0.999956 ]

frame 7
Hip [ 0 -0.2312 33.3115 ] [ 1 0 0 0 1 0 0 0 1 ]
RKnee [ 0 0 -15 ] [ 0.999994 0.00322095 0.00160106 -0.00262215 0.957483 -0.288477 -0.00246215 0.288471 0.957486 ]
RAnkle [ 0 -0.000318706 -15 ] [ 0.999998 0 0.00210617 -0.00022727 0.99239 0.123136 -0.00209412 -0.123137 0.992388 ]

frame 8
Hip [ -0.00310872 -0.213451 33.7417 ] [ 1 0 0.000147835 0 0.999996 0.00282085 -0.000147835 -0.00282085 0.999996 ]
LKnee [ 0 0 -15 ] [ 1 0 0 0 0.661942 -0.749555 0 0.749555 0.661942 ]
LAnkle [ 0 0 -15 ] [ 0.999995 0.00120092 -0.00277629 -0.000427409 0.964702 0.263345 0.00299455 -0.263343 0.964698 ]
RKnee [ 0 0 -15 ] [ 0.999997 0.00221335 -0.000769434 -0.00233865 0.963302 -0.26841 0.000147112 0.268411 0.963304 ]
RAnkle [ 0 -0.000212316 -15 ] [ 1 0.000178664 -0.000210922 -0.000143547 0.98774 0.156105 0.000236226 -0.156105 0.987741 ]

frame 9
Hip [ -0.00621744 -0.195702 33.3072 ] [ 1 0 0.000110576 0 0.999998 0.00210991 -0.000110576 -0.00210991 0.999998 ]
LHip [ -4 0 0 ] [ 1 0 0 0 0.848639 0.528972 0 -0.528972 0.848639 ]
LAnkle [ 0 0 -15 ] [ 0.999984 -0.00103842 0.00560353 0.000908133 0.999731 0.023203 -0.00562611 -0.0231976 0.999715 ]
RKnee [ 0 0 -15 ] [ 0.999992 0.000813848 -0.00389828 -0.00178801 0.966437 -0.256898 0.00355836 0.256903 0.966431 ]
RAnkle [ 0 -0.000106333 -15 ] [ 0.999999 -0.000486724 0.00116738 0.000172035 0.966754 0.255708 -0.00125303 -0.255707 0.966754 ]

