frame 0
LHip [ -4 0 0 ] [ 1 0 0 0 0.926839 0.375459 0 -0.375459 0.926839 ]
LKnee [ 0 0 -15 ] [ 1 0 0 0 0.92339 -0.383863 0 0.383863 0.92339 ]
LAnkle [ 0 0 -15 ] [ 1 0 0 0 1 0 0 0 1 ]
RHip [ 4 0 0 ] [ 1 0 0 0 0.99022 -0.139513 0 0.139513 0.99022 ]
RKnee [ 0 0 -15 ] [ 1 0 0 0 0.994967 -0.100203 0 0.100203 0.994967 ]
RAnkle [ 0 0 -15 ] [ 1 0 0 0 0.953482 0.301449 0 -0.301449 0.953482 ]

frame 1
frame 2
frame 3
frame 4
LHip [ -4 0 0 ] [ 1 0 0 0 0.984161 -0.177276 0 0.177276 0.984161 ]
LKnee [ 0 0 -15 ] [ 1 0 0 0 0.997378 -0.072366 0 0.072366 0.997378 ]
LAnkle [ 0 0 -15 ] [ 1 0 0 0 0.955938 0.29357 0 -0.29357 0.955938 ]
RHip [ 4 0 0 ] [ 1 0 0 0 0.93915 0.343508 0 -0.343508 0.93915 ]
RKnee [ 0 0 -15 ] [ 1 0 0 0 0.910969 -0.412475 0 0.412475 0.910969 ]
RAnkle [ 0 0 -15 ] [ 1 0 0 0 0.995923 0.090204 0 -0.090204 0.995923 ]

frame 5
frame 6
frame 7
frame 8
frame 9
