frame 0
auto-0 [ -0.477 1.598 36.871 ] [ 1 0 0 0 0.024 -1 0 1 0.024 ]
auto-2 [ -5.916 0.441 0 ] [ 1 0 0 0 1 0 0 0 1 ]
auto-3 [ 6.586 0.152 0 ] [ 1 0 0 0 1 0 0 0 1 ]
auto-4 [ 1.211 0 -0.096 ] [ 1 0 0 0 0.185 0.983 0 -0.983 0.185 ]
auto-5 [ -1.586 -2.175 5.036 ] [ 1 0 0 0 -0.176 0.984 0 -0.984 -0.176 ]
auto-6 [ -0.559 -18.617 0.073 ] [ 1 0 0 0 -0.004 -1 0 1 -0.004 ]
auto-7 [ 0.57 0.142 4.148 ] [ 1 0 0 0 0 -1 0 1 0 ]
auto-10 [ -1.286 -0.054 -0.482 ] [ 1 0 0 0 0.017 1 0 -1 0.017 ]
auto-11 [ 0.36 -0.947 5.352 ] [ 1 0 0 0 -0.008 1 0 -1 -0.008 ]
auto-12 [ 0.869 -18.288 0.064 ] [ 1 0 0 0 -0.007 -1 0 1 -0.007 ]
auto-13 [ -0.848 -0.002 4.444 ] [ 1 0 0 0 0.011 -1 0 1 0.011 ]
auto-16 [ 0 -9.812 -0.901 ] [ 1 0 0 0 1 0 0 0 1 ]
auto-17 [ 7.178 0.04 0 ] [ 1 0 0 0 1 0 0 0 1 ]
auto-18 [ -0.322 -0.453 -0.051 ] [ 1 0 0 0 0.243 0.97 0 -0.97 0.243 ]
auto-19 [ -5.697 0.013 0 ] [ 1 0.003 -0.001 -0.003 1 -0.011 0.001 0.011 1 ]
auto-20 [ 0.009 -0.457 0.183 ] [ 0.997 -0.008 -0.075 0.066 0.568 0.82 0.036 -0.823 0.567 ]
auto-21 [ 0.335 -0.018 6.753 ] [ 1 0 0 0 -0.013 -1 0 1 -0.013 ]
auto-22 [ 0 13.645 -0.215 ] [ 1 0 0 0 -0.044 1 0 -1 -0.044 ]
auto-23 [ 0 -0.286 -0.655 ] [ 1 0 0 0 0.012 1 0 -1 0.012 ]
auto-24 [ 0 -15.17 0.535 ] [ 1 0.018 -0.039 -0.021 0.997 -0.073 0.037 0.074 0.997 ]
auto-26 [ 0.179 0.366 5.664 ] [ 1 0 0 0 0.001 -1 0 1 0.001 ]
auto-27 [ 0 13.586 0.128 ] [ 1 0 0 0 -0.033 1 0 -1 -0.033 ]
auto-28 [ 0 -0.802 -1.396 ] [ 1 0 0 0 -0.009 1 0 -1 -0.009 ]

