frame 0
auto-1 [ 0.378 -5.386 -0.048 ] [ 0.998 -0.069 0.002 0.069 0.998 0 -0.002 0 1 ]
auto-2 [ -0.803 -10.815 -0.498 ] [ 0.977 -0.213 0 0.212 0.975 -0.065 0.014 0.063 0.998 ]
auto-3 [ 0.786 -5.394 0.336 ] [ 0.963 -0.267 -0.024 0.268 0.954 0.137 -0.014 -0.139 0.99 ]
auto-5 [ -4.979 -0.947 -0.428 ] [ 0.994 -0.099 -0.042 0.107 0.958 0.266 0.014 -0.269 0.963 ]
auto-6 [ -0.047 -0.461 -4.515 ] [ -0.111 -0.302 0.947 0.077 0.947 0.311 -0.991 0.107 -0.082 ]
auto-8 [ 3.042 -0.82 -0.211 ] [ 1 0 0 0 0.971 -0.24 0 0.24 0.971 ]
auto-9 [ 0.92 -1.022 -4.807 ] [ 1 0 0 0 0.94 -0.342 0 0.342 0.94 ]
auto-11 [ -0.328 7.419 -0.921 ] [ 0.999 0.05 0 -0.05 0.999 0 0 0 1 ]
auto-12 [ 4.224 0.118 -0.058 ] [ 1 0 0 0 0.95 0.312 0 -0.312 0.95 ]
auto-13 [ 0.336 0.149 -4.442 ] [ 1 0.008 0.02 -0.007 0.999 -0.05 -0.02 0.05 0.999 ]
auto-15 [ -3.689 -0.602 -0.013 ] [ 1 0 0 0 0.937 -0.349 0 0.349 0.937 ]
auto-16 [ -0.468 0.254 -4.326 ] [ 0.823 -0.179 -0.538 0.07 0.974 -0.217 0.563 0.141 0.814 ]
auto-18 [ 0.418 4.283 0.736 ] [ 0.998 -0.056 0.005 0.056 0.997 -0.051 -0.002 0.051 0.999 ]
auto-19 [ 0 5.664 0.005 ] [ 1 0.008 -0.005 -0.007 0.997 0.07 0.005 -0.07 0.998 ]

frame 1
auto-6 [ -0.047 -0.46 -4.514 ] [ -0.113 -0.224 0.968 0.062 0.971 0.232 -0.992 0.086 -0.096 ]
auto-9 [ 0.92 -1.022 -4.807 ] [ 1 0 0 0 0.722 -0.692 0 0.692 0.722 ]
auto-16 [ -0.468 0.254 -4.326 ] [ 0.825 -0.187 -0.533 0.066 0.969 -0.237 0.561 0.16 0.812 ]

frame 2
auto-9 [ 0.92 -1.022 -4.807 ] [ 1 0 0 0 0.781 -0.625 0 0.625 0.781 ]
auto-16 [ -0.468 0.254 -4.326 ] [ 0.826 -0.195 -0.528 0.063 0.964 -0.257 0.56 0.179 0.809 ]

frame 3
auto-9 [ 0.92 -1.022 -4.807 ] [ 1 0 0 0 0.741 -0.671 0 0.671 0.741 ]
auto-13 [ 0.336 0.149 -4.442 ] [ 1 0.005 0.013 -0.001 0.968 -0.25 -0.014 0.25 0.968 ]

frame 4
auto-0 [ -0.296 -0.17 8.786 ] [ 1 0 0 0 1 0 0 0 1 ]
auto-1 [ 0.378 -5.386 -0.048 ] [ 0.998 0.07 0 -0.07 0.998 0 0 0 1 ]
auto-2 [ -0.803 -10.815 -0.498 ] [ 0.993 0.114 -0.007 -0.113 0.99 0.086 0.016 -0.085 0.996 ]
auto-3 [ 0.786 -5.394 0.336 ] [ 0.866 0.499 -0.037 -0.499 0.854 -0.146 -0.041 0.145 0.989 ]
auto-5 [ -4.979 -0.947 -0.428 ] [ 0.997 0.081 0.013 -0.077 0.975 -0.206 -0.03 0.204 0.978 ]
auto-6 [ -0.047 -0.46 -4.515 ] [ -0.12 -0.379 0.918 0.092 0.916 0.39 -0.988 0.132 -0.075 ]
auto-8 [ 3.042 -0.82 -0.211 ] [ 1 0 0 0 0.97 0.242 0 -0.242 0.97 ]
auto-9 [ 0.92 -1.022 -4.807 ] [ 1 0 0 0 0.952 -0.306 0 0.306 0.952 ]
auto-11 [ -0.328 7.419 -0.921 ] [ 1 -0.04 0 0.04 1 0 0 0 1 ]
auto-12 [ 4.224 0.118 -0.058 ] [ 1 0 0 0 0.947 -0.322 0 0.322 0.947 ]
auto-13 [ 0.336 0.149 -4.442 ] [ 1 0.005 0.011 0 0.912 -0.411 -0.012 0.411 0.912 ]
auto-15 [ -3.689 -0.602 -0.013 ] [ 1 0 0 0 0.984 0.18 0 -0.18 0.984 ]
auto-16 [ -0.468 0.254 -4.326 ] [ 0.817 -0.095 -0.569 0.108 0.994 -0.011 0.567 -0.052 0.822 ]
auto-18 [ 0.418 4.283 0.736 ] [ 0.998 0.064 -0.006 -0.063 0.994 0.089 0.011 -0.088 0.996 ]
auto-19 [ 0 5.664 0.005 ] [ 1 -0.009 0.007 0.01 0.996 -0.092 -0.006 0.092 0.996 ]

frame 5
auto-6 [ -0.047 -0.46 -4.514 ] [ -0.116 0.059 0.991 0.01 0.998 -0.058 -0.993 0.003 -0.117 ]

frame 6
auto-6 [ -0.047 -0.46 -4.514 ] [ -0.134 0.265 0.955 -0.024 0.962 -0.271 -0.991 -0.059 -0.123 ]
auto-9 [ 0.92 -1.022 -4.807 ] [ 1 0 0 0 0.988 -0.155 0 0.155 0.988 ]
auto-13 [ 0.336 0.149 -4.442 ] [ 0.999 0.048 0.003 -0.036 0.795 -0.605 -0.031 0.604 0.796 ]

frame 7
auto-0 [ -0.31 -0.171 8.922 ] [ 1 0.001 0 -0.001 1 0.014 0 -0.014 1 ]
auto-6 [ -0.047 -0.46 -4.514 ] [ -0.133 0.206 0.969 0.003 0.978 -0.208 -0.991 -0.025 -0.13 ]
auto-13 [ 0.336 0.149 -4.442 ] [ 0.998 0.065 0.019 -0.055 0.942 -0.331 -0.039 0.329 0.943 ]
auto-16 [ -0.468 0.254 -4.326 ] [ 0.803 0.021 -0.595 0.15 0.96 0.236 0.577 -0.279 0.768 ]

frame 8
auto-9 [ 0.92 -1.022 -4.807 ] [ 1 0 0 0 0.983 -0.184 0 0.184 0.983 ]
auto-16 [ -0.468 0.254 -4.326 ] [ 0.811 -0.024 -0.584 0.129 0.982 0.139 0.57 -0.188 0.8 ]

frame 9
auto-0 [ -0.306 -0.171 8.883 ] [ 1 0.002 -0.001 -0.002 1 0.02 0.001 -0.02 1 ]
auto-6 [ -0.047 -0.46 -4.514 ] [ -0.126 -0.072 0.989 0.052 0.995 0.079 -0.991 0.062 -0.122 ]
auto-13 [ 0.336 0.149 -4.442 ] [ 1 0.03 0.015 -0.024 0.955 -0.296 -0.023 0.295 0.955 ]
auto-16 [ -0.468 0.254 -4.326 ] [ 0.817 -0.08 -0.572 0.105 0.994 0.012 0.568 -0.069 0.82 ]

