frame 0
auto-0 [ -0.477 1.598 36.871 ] [ 1 0 0 0 0.024 -1 0 1 0.024 ]
auto-2 [ -5.916 0.441 0 ] [ 1 0 0 0 1 0 0 0 1 ]
auto-3 [ 6.586 0.152 0 ] [ 1 0 0 0 1 0 0 0 1 ]
auto-4 [ 1.211 0 -0.096 ] [ 1 0 0 0 0.185 0.983 0 -0.983 0.185 ]
auto-5 [ -1.586 -2.175 5.036 ] [ 1 0 0 0 -0.176 0.984 0 -0.984 -0.176 ]
auto-6 [ -0.559 -18.617 0.073 ] [ 1 0 0 0 -0.004 -1 0 1 -0.004 ]
auto-7 [ 0.57 0.142 4.148 ] [ 1 0 0 0 0 -1 0 1 0 ]
auto-10 [ -1.286 -0.054 -0.482 ] [ 1 0 0 0 0.017 1 0 -1 0.017 ]
auto-11 [ 0.36 -0.947 5.352 ] [ 1 0 0 0 -0.008 1 0 -1 -0.008 ]
auto-12 [ 0.869 -18.288 0.064 ] [ 1 0 0 0 -0.007 -1 0 1 -0.007 ]
auto-13 [ -0.848 -0.002 4.444 ] [ 1 0 0 0 0.011 -1 0 1 0.011 ]
auto-16 [ 0 -9.812 -0.901 ] [ 1 0 0 0 1 0 0 0 1 ]
auto-17 [ 7.178 0.04 0 ] [ 1 0 0 0 1 0 0 0 1 ]
auto-18 [ -0.322 -0.453 -0.051 ] [ 1 0 0 0 0.243 0.97 0 -0.97 0.243 ]
auto-19 [ -5.697 0.013 0 ] [ 1 0.003 -0.001 -0.003 1 -0.011 0.001 0.011 1 ]
auto-20 [ 0.009 -0.457 0.183 ] [ 0.997 -0.008 -0.075 0.066 0.568 0.82 0.036 -0.823 0.567 ]
auto-21 [ 0.335 -0.018 6.753 ] [ 1 0 0 0 -0.013 -1 0 1 -0.013 ]
auto-22 [ 0 13.645 -0.215 ] [ 1 0 0 0 -0.044 1 0 -1 -0.044 ]
auto-23 [ 0 -0.286 -0.655 ] [ 1 0 0 0 0.012 1 0 -1 0.012 ]
auto-24 [ 0 -15.17 0.535 ] [ 1 0.018 -0.039 -0.021 0.997 -0.073 0.037 0.074 0.997 ]
auto-26 [ 0.179 0.366 5.664 ] [ 1 0 0 0 0.001 -1 0 1 0.001 ]
auto-27 [ 0 13.586 0.128 ] [ 1 0 0 0 -0.033 1 0 -1 -0.033 ]
auto-28 [ 0 -0.802 -1.396 ] [ 1 0 0 0 -0.009 1 0 -1 -0.009 ]
auto-43 [ 0 -7.806 2.539 ] [ 1 0 0 0 1 0 0 0 1 ]
auto-44 [ 0.122 -23.441 -0.769 ] [ 1 0 0 0 -0.989 -0.151 0 0.151 -0.989 ]
auto-45 [ -0.115 23.991 -0.234 ] [ 1 0 0 0 -0.997 0.077 0 -0.077 -0.997 ]
auto-48 [ -13.358 0 -0.033 ] [ -1 0 0.016 0 1 0.007 -0.016 0.007 -1 ]
auto-50 [ 14.073 0 -0.192 ] [ -1 0 -0.005 0 1 0.019 0.005 0.019 -1 ]

frame 1
frame 2
frame 3
frame 4
frame 5
frame 6
frame 7
auto-0 [ -0.365 1.598 13.6 ] [ 1 0 0 0 1 0 0 0 1 ]
auto-1 [ 0 7.975 -0.08 ] [ 1 0 0 0 1 0 0 0 1 ]
auto-2 [ -5.916 0.19 0 ] [ 1 0 0 0 1 0 0 0 1 ]
auto-3 [ 6.586 0.152 0 ] [ 1 0 0 0 1 0 0 0 1 ]
auto-4 [ -0.376 11.847 0 ] [ 1 0 0 0 1 0 0 0 1 ]
auto-5 [ 0 1.56 -7.985 ] [ 1 0 0 0 1 0 0 0 1 ]
auto-6 [ 0 -22.028 -0.039 ] [ 1 0 0 0 1 0 0 0 1 ]
auto-7 [ 0 0.05 -6.067 ] [ 1 0 0 0 1 0 0 0 1 ]
auto-8 [ -0.671 14.978 0.238 ] [ 1 0 0 0 1 0 0 0 1 ]
auto-9 [ -3.22 0 0.235 ] [ 1 0 0 0 1 0 0 0 1 ]
auto-10 [ -0.897 12.925 0 ] [ 1 0 0 0 1 0 0 0 1 ]
auto-11 [ 0 0.3 -7.895 ] [ 1 0 0 0 1 0 0 0 1 ]
auto-12 [ 0 -21.965 0 ] [ 1 0 0 0 1 0 0 0 1 ]
auto-13 [ 0 0 -6.171 ] [ 1 0 0 0 1 0 0 0 1 ]
auto-14 [ 0 14.945 -0.155 ] [ 1 0 0 0 1 0 0 0 1 ]
auto-15 [ 5.183 0 0.479 ] [ 1 0 0 0 1 0 0 0 1 ]
auto-16 [ 0 -9.811 -0.9 ] [ 1 0 0 0 1 0 0 0 1 ]
auto-17 [ 7.178 0.04 0 ] [ 1 0 0 0 1 0 0 0 1 ]
auto-18 [ -0.199 -15.507 0 ] [ 1 0 0 0 1 0 0 0 1 ]
auto-19 [ -5.697 0.012 0 ] [ 1 0 0 0 1 0 0 0 1 ]
auto-20 [ 0.05 -13.579 0 ] [ 1 0 0 0 1 0 0 0 1 ]
auto-21 [ 0 -0.02 -7.011 ] [ 1 0 0 0 1 0 0 0 1 ]
auto-22 [ 0 23.048 -0.09 ] [ 1 0 0 0 1 0 0 0 1 ]
auto-23 [ 0 -0.193 -6.225 ] [ 1 0 0 0 1 0 0 0 1 ]
auto-24 [ 0 -15.166 0.535 ] [ 1 0 0 0 1 0 0 0 1 ]
auto-25 [ 3.971 0 -0.022 ] [ 1 0 0 0 1 0 0 0 1 ]
auto-26 [ 0 -1.7 -6.383 ] [ 1 0 0 0 1 0 0 0 1 ]
auto-27 [ 0 21.924 0.119 ] [ 1 0 0 0 1 0 0 0 1 ]
auto-28 [ 0 -0.199 -7.194 ] [ 1 0 0 0 1 0 0 0 1 ]
auto-29 [ 0 -13.855 0 ] [ 1 0 0 0 1 0 0 0 1 ]
auto-30 [ -4.391 0 0.405 ] [ 1 0 0 0 1 0 0 0 1 ]
auto-31 [ 0.255 -4.847 -0.1 ] [ 1 0 0 0 1 0 0 0 1 ]
auto-32 [ 0 -8.08 0 ] [ 1 0 0 0 1 0 0 0 1 ]
auto-33 [ 0 -5.88 0.18 ] [ 1 0 0 0 1 0 0 0 1 ]
auto-34 [ 0 4.85 -0.037 ] [ 1 0 0 0 1 0 0 0 1 ]
auto-35 [ 0 5.66 -0.214 ] [ 1 0 0 0 1 0 0 0 1 ]
auto-36 [ 0 -5.79 -0.457 ] [ 1 0 0 0 1 0 0 0 1 ]
auto-37 [ 0 -4.31 -4.189 ] [ 1 0 0 0 1 0 0 0 1 ]
auto-38 [ 0 -3.8 0.012 ] [ 1 0 0 0 1 0 0 0 1 ]
auto-39 [ -7.013 0 -0.094 ] [ 1 0 0 0 1 0 0 0 1 ]
auto-40 [ 6.729 0 0.013 ] [ 1 0 0 0 1 0 0 0 1 ]
auto-41 [ 6.705 0 -0.108 ] [ 1 0 0 0 1 0 0 0 1 ]
auto-42 [ -6.428 0 -0.097 ] [ 1 0 0 0 1 0 0 0 1 ]
auto-43 [ 0 -1.664 1.848 ] [ 1 0 0 0 1 0 0 0 1 ]
auto-44 [ 0.122 -20.202 -0.769 ] [ 1 0 0 0 0.004 1 0 -1 0.004 ]
auto-45 [ -0.115 21.639 -0.234 ] [ 1 0 0 0 -0.007 -1 0 1 -0.007 ]
auto-48 [ -10.834 0 1.371 ] [ -0.005 0 1 0 1 0 -1 0 -0.005 ]
auto-50 [ 11.214 0 1.318 ] [ 0.01 0 -1 0 1 0 1 0 0.01 ]

frame 8
frame 9
frame 10
frame 11
frame 12
frame 13
frame 14

frame 15
auto-0 [ -0.477 1.598 36.871 ] [ 1 0 0 0 0.024 -1 0 1 0.024 ]
auto-2 [ -5.916 0.441 0 ] [ 1 0 0 0 1 0 0 0 1 ]
auto-3 [ 6.586 0.152 0 ] [ 1 0 0 0 1 0 0 0 1 ]
auto-4 [ 1.211 0 -0.096 ] [ 1 0 0 0 0.185 0.983 0 -0.983 0.185 ]
auto-5 [ -1.586 -2.175 5.036 ] [ 1 0 0 0 -0.176 0.984 0 -0.984 -0.176 ]
auto-6 [ -0.559 -18.617 0.073 ] [ 1 0 0 0 -0.004 -1 0 1 -0.004 ]
auto-7 [ 0.57 0.142 4.148 ] [ 1 0 0 0 0 -1 0 1 0 ]
auto-10 [ -1.286 -0.054 -0.482 ] [ 1 0 0 0 0.017 1 0 -1 0.017 ]
auto-11 [ 0.36 -0.947 5.352 ] [ 1 0 0 0 -0.008 1 0 -1 -0.008 ]
auto-12 [ 0.869 -18.288 0.064 ] [ 1 0 0 0 -0.007 -1 0 1 -0.007 ]
auto-13 [ -0.848 -0.002 4.444 ] [ 1 0 0 0 0.011 -1 0 1 0.011 ]
auto-16 [ 0 -9.812 -0.901 ] [ 1 0 0 0 1 0 0 0 1 ]
auto-17 [ 7.178 0.04 0 ] [ 1 0 0 0 1 0 0 0 1 ]
auto-18 [ -0.322 -0.453 -0.051 ] [ 1 0 0 0 0.243 0.97 0 -0.97 0.243 ]
auto-19 [ -5.697 0.013 0 ] [ 1 0.003 -0.001 -0.003 1 -0.011 0.001 0.011 1 ]
auto-20 [ 0.009 -0.457 0.183 ] [ 0.997 -0.008 -0.075 0.066 0.568 0.82 0.036 -0.823 0.567 ]
auto-21 [ 0.335 -0.018 6.753 ] [ 1 0 0 0 -0.013 -1 0 1 -0.013 ]
auto-22 [ 0 13.645 -0.215 ] [ 1 0 0 0 -0.044 1 0 -1 -0.044 ]
auto-23 [ 0 -0.286 -0.655 ] [ 1 0 0 0 0.012 1 0 -1 0.012 ]
auto-24 [ 0 -15.17 0.535 ] [ 1 0.018 -0.039 -0.021 0.997 -0.073 0.037 0.074 0.997 ]
auto-26 [ 0.179 0.366 5.664 ] [ 1 0 0 0 0.001 -1 0 1 0.001 ]
auto-27 [ 0 13.586 0.128 ] [ 1 0 0 0 -0.033 1 0 -1 -0.033 ]
auto-28 [ 0 -0.802 -1.396 ] [ 1 0 0 0 -0.009 1 0 -1 -0.009 ]
auto-43 [ 0 -7.806 2.539 ] [ 1 0 0 0 1 0 0 0 1 ]
auto-44 [ 0.122 -23.441 -0.769 ] [ 1 0 0 0 -0.989 -0.151 0 0.151 -0.989 ]
auto-45 [ -0.115 23.991 -0.234 ] [ 1 0 0 0 -0.997 0.077 0 -0.077 -0.997 ]
auto-48 [ -13.358 0 -0.033 ] [ -1 0 0.016 0 1 0.007 -0.016 0.007 -1 ]
auto-50 [ 14.073 0 -0.192 ] [ -1 0 -0.005 0 1 0.019 0.005 0.019 -1 ]
