frame 0
Base [ 0 -0.202 18.656 ] [ 1 0 0 0 0.085 0.996 0 -0.996 0.085 ]
RShoulder [ -7.638 0 0.87 ] [ 0.034 1 0 -1 0.034 0 0 0 1 ]
RElbow [ -15.03 0 -0.08 ] [ 0.017 -0.033 -1 -0.033 0.999 -0.034 1 0.034 0.016 ]
LShoulder [ 7.559 0 1.11 ] [ 0.018 -1 0 1 0.018 0 0 0 1 ]
LElbow [ 14.953 0 -0.14 ] [ 0.012 0.018 1 0.018 1 -0.018 -1 0.018 0.012 ]
RHip [ -5.432 0 -3.37 ] [ 1 0 0 0 0.418 -0.909 0 0.909 0.418 ]
RKnee [ 0.198 0 -12.41 ] [ 1 0 0 0 0.447 0.895 0 -0.895 0.447 ]
LHip [ 5.281 0 -2.95 ] [ 1 0 0 0 0.484 -0.875 0 0.875 0.484 ]
LKnee [ -0.106 0 -13.2 ] [ 1 0 0 0 0.481 0.877 0 -0.877 0.481 ]
LHeel [ 0.518 0 -3.988 ] [ 1 0 0 0 1 0.006 0 -0.006 1 ]

