frame 0
Base [ 0.087 0.548 40.195 ] [ 1 -0.001 -0.008 0.001 1 -0.002 0.008 0.002 1 ]
Neck [ 0.003 0 5.07 ] [ 1 0.007 -0.006 -0.007 0.997 -0.073 0.006 0.073 0.997 ]
RShoulder [ -7.058 0 0.87 ] [ 0.196 0.583 0.788 -0.973 0.214 0.083 -0.121 -0.784 0.609 ]
RElbow [ -14.09 0 -0.08 ] [ 0.575 0.114 -0.81 -0.108 0.992 0.063 0.811 0.051 0.583 ]
LShoulder [ 6.906 0 1.11 ] [ 0.615 0.071 -0.785 -0.15 0.988 -0.029 0.774 0.135 0.618 ]
LElbow [ 14.156 0 0.08 ] [ 0.861 0.064 -0.505 -0.14 0.983 -0.115 0.49 0.17 0.855 ]

frame 1
frame 2
frame 3
Neck [ 0.003 0 5.07 ] [ 0.999 -0.045 0.025 0.031 0.923 0.384 -0.04 -0.382 0.923 ]

frame 4
Neck [ 0.003 0 5.07 ] [ 0.998 -0.052 0.027 0.035 0.899 0.436 -0.047 -0.434 0.899 ]
RShoulder [ -7.058 0 0.87 ] [ 0.166 0.004 0.986 -0.966 0.201 0.162 -0.198 -0.979 0.037 ]
RElbow [ -14.09 0 -0.08 ] [ 0.999 0.042 0.034 -0.044 0.998 0.048 -0.032 -0.049 0.998 ]

frame 5
frame 6
frame 7
frame 8
frame 9
Torso1 [ 0 0 8.72 ] [ 1 -0.012 0.009 0.011 0.993 0.114 -0.01 -0.113 0.993 ]
Neck [ 0.003 0 5.07 ] [ 0.997 0.038 -0.064 -0.066 0.84 -0.538 0.034 0.541 0.84 ]
RShoulder [ -7.058 0 0.87 ] [ 0.196 0.583 0.788 -0.973 0.214 0.083 -0.121 -0.784 0.609 ]
RElbow [ -14.09 0 -0.08 ] [ 0.575 0.114 -0.81 -0.108 0.992 0.063 0.811 0.051 0.583 ]
RWrist [ -14.06 0 0 ] [ 1 0 0 0 1 0 0 0 1 ]

frame 10
frame 11
frame 12
frame 13
frame 14
Torso1 [ 0 0 8.72 ] [ 1 0.016 -0.016 -0.018 0.986 -0.165 0.013 0.166 0.986 ]

frame 15
frame 16
frame 17
Neck [ 0.003 0 5.07 ] [ 1 -0.012 0 0.012 0.998 0.068 -0.002 -0.068 0.998 ]

frame 18
Base [ 0 -0.202 40 ] [ 1 0 0 0 1 0 0 0 1 ]
Torso0 [ 0 0 0.5 ] [ 1 0 0 0 1 0 0 0 1 ]
Torso1 [ 0 0 8.72 ] [ 1 0 0 0 1 0 0 0 1 ]
RShoulder [ -7.058 0 0.87 ] [ 0.196 0.583 0.788 -0.973 0.214 0.083 -0.121 -0.784 0.609 ]
RElbow [ -14.09 0 -0.08 ] [ 0.575 0.114 -0.81 -0.108 0.992 0.063 0.811 0.051 0.583 ]
RWrist [ -14.06 0 0 ] [ 1 0 0 0 1 0 0 0 1 ]

frame 19
frame 20
Base [ 1.327 32.101 25.787 ] [ 0.993 0.011 -0.115 -0.099 0.589 -0.802 0.059 0.809 0.585 ]

frame 21
Neck [ 0.003 0 5.07 ] [ 1 0.002 -0.005 -0.002 1 -0.037 0.005 0.037 1 ]

frame 22
Base [ 0.041 42.711 4.799 ] [ 0.981 0.018 -0.191 -0.191 -0.001 -0.982 -0.018 1 0.002 ]

