frame 0
Torso1 [ 0 0 8.72 ] [ 0.639 0.734 -0.229 -0.756 0.544 -0.365 -0.143 0.407 0.902 ]
RShoulder [ -7.058 0 0.87 ] [ 0.752 0.027 0.659 -0.019 1 -0.02 -0.659 0.003 0.752 ]
RElbow [ -14.09 0 -0.08 ] [ 0.707 0.03 0.706 -0.02 1 -0.023 -0.707 0.002 0.707 ]
LShoulder [ 6.906 0 1.11 ] [ 0.762 -0.018 -0.648 0.027 1 0.003 0.647 -0.02 0.762 ]
LElbow [ 14.156 0 0.08 ] [ 0.882 -0.014 -0.472 0.019 1 0.004 0.472 -0.012 0.882 ]

frame 1
frame 2
frame 3
frame 4
frame 5
frame 6
frame 7
frame 8
frame 9

frame 10
frame 11
frame 12
frame 13
frame 14
frame 15
frame 16
frame 17
frame 18
frame 19
frame 20

Torso1 [ 0 0 8.72 ] [ 1 0 0 0 1 -0.037 0 0.037 1 ]
RShoulder [ -7.058 0 0.87 ] [ 0.752 0.027 0.659 -0.019 1 -0.02 -0.659 0.003 0.752 ]
RElbow [ -14.09 0 -0.08 ] [ 0.707 0.03 0.706 -0.02 1 -0.023 -0.707 0.002 0.707 ]
LShoulder [ 6.906 0 1.11 ] [ 0.762 -0.018 -0.648 0.027 1 0.003 0.647 -0.02 0.762 ]
LElbow [ 14.156 0 0.08 ] [ 0.882 -0.014 -0.472 0.019 1 0.004 0.472 -0.012 0.882 ]

