frame 0
RShoulder [ -7.058 0 0.87 ] [ 0.674 0 0.738 0 1 0 -0.738 0 0.674 ]
LShoulder [ 6.906 0 1.11 ] [ 0.673 0 -0.739 0 1 0 0.739 0 0.673 ]

frame 1
frame 2
frame 3
frame 4
frame 5
frame 6
frame 7
frame 8
frame 9
Torso1 [ 0 0 8.72 ] [ 1 0 -0.036 0.017 0.875 0.484 0.032 -0.485 0.874 ]

frame 10
frame 11
frame 12
frame 13
frame 14
frame 15
frame 16
frame 17
frame 18
frame 19
Torso1 [ 0 0 8.72 ] [ 0.696 -0.718 -0.024 0.634 0.599 0.489 -0.337 -0.355 0.872 ]
Neck [ 0.003 0 5.07 ] [ 0.769 -0.638 0.036 0.638 0.77 0.014 -0.036 0.012 1 ]

frame 20
frame 21
frame 22
frame 23
frame 24
frame 25
frame 26
frame 27
frame 28
frame 29
Torso1 [ 0 0 8.72 ] [ 1 0.02 -0.027 -0.003 0.863 0.505 0.033 -0.504 0.863 ]
Neck [ 0.003 0 5.07 ] [ 0.591 0.802 -0.088 -0.807 0.583 -0.094 -0.024 0.127 0.992 ]

