frame 0
RShoulder [ -7.058 0 0.87 ] [ 0.572 0 0.82 0 1 0 -0.82 0 0.572 ]
RElbow [ -14.09 0 -0.08 ] [ 0.967 0 0.255 0 1 0 -0.255 0 0.967 ]
LShoulder [ 6.906 0 1.11 ] [ 0.549 0 -0.836 0 1 0 0.836 0 0.549 ]
LElbow [ 14.156 0 0.08 ] [ 0.928 0 -0.373 0 1 0 0.373 0 0.928 ]

frame 1
frame 2
RHip [ -6.497 0 -4.63 ] [ 1 0 0 0 0.766 -0.643 0 0.643 0.766 ]
RKnee [ 0.004 0 -15.03 ] [ 1 0.025 0.028 -0.038 0.603 0.797 0.003 -0.797 0.604 ]

frame 3
frame 4
RHip [ -6.497 0 -4.63 ] [ 1 0 0 0 0.695 -0.719 0 0.719 0.695 ]

frame 5
frame 6
Base [ 0 -0.202 36.868 ] [ 1 0 0 0 1 0 0 0 1 ]
RHip [ -6.497 0 -4.63 ] [ 1 0 0 0 0.878 -0.478 0 0.478 0.878 ]
RKnee [ 0.004 0 -15.03 ] [ 1 0.004 -0.003 -0.004 0.998 0.07 0.004 -0.07 0.998 ]
RAnkle [ 0 0 -14.434 ] [ 1 0.001 0.002 -0.002 0.916 0.401 -0.001 -0.401 0.916 ]
LHip [ 6.249 0 -4.5 ] [ 1 0 0 0 0.837 0.547 0 -0.547 0.837 ]
LKnee [ 0.088 0 -15.16 ] [ 1 0 0 0 1 0 0 0 1 ]
LAnkle [ -0.357 0 -14.428 ] [ 1 0 0 0 0.889 -0.458 0 0.458 0.889 ]

frame 7
frame 8
frame 9
LKnee [ 0.088 0 -15.16 ] [ 1 0 0 0 0.819 0.574 0 -0.574 0.819 ]

frame 10
frame 11
Base [ 0 -0.202 41.044 ] [ 1 0 0 0 1 0 0 0 1 ]
RHip [ -6.497 0 -4.63 ] [ 1 0 0 0 1 -0.03 0 0.03 1 ]
RKnee [ 0.004 0 -15.03 ] [ 1 0.003 -0.002 -0.002 0.999 0.047 0.002 -0.047 0.999 ]
RAnkle [ 0 0 -14.434 ] [ 1 0 0 0 1 0 0 0 1 ]
LHip [ 6.249 0 -4.5 ] [ 1 0 0 0 1 -0.03 0 0.03 1 ]
LKnee [ 0.088 0 -15.16 ] [ 1 0 0 0 1 0 0 0 1 ]
LAnkle [ -0.357 0 -14.428 ] [ 1 0 0 0 1 0 0 0 1 ]

frame 12
frame 13
RKnee [ 0.004 0 -15.03 ] [ 1 0.002 -0.002 -0.002 1 0.037 0.002 -0.037 1 ]

frame 14
frame 15
LHip [ 6.249 0 -4.5 ] [ 1 0 0 0 0.853 -0.523 0 0.523 0.853 ]
LKnee [ 0.088 0 -15.16 ] [ 1 0 0 0 0.915 0.402 0 -0.402 0.915 ]

frame 16
frame 17
Base [ 0 0.189 37.39 ] [ 1 0 0 0 1 0 0 0 1 ]
RHand [ -13.68 0 0 ] [ 1 0 0 0 1 0 0 0 1 ]
RHip [ -6.497 0 -4.63 ] [ 1 0 0 0 0.899 0.438 0 -0.438 0.899 ]
RKnee [ 0.004 0 -15.03 ] [ 1 0.001 -0.001 -0.001 1 0.023 0.001 -0.023 1 ]
RAnkle [ 0 0 -14.434 ] [ 1 0 0 0 0.893 -0.449 0 0.449 0.893 ]
LHip [ 6.249 0 -4.5 ] [ 1 0 0 0 0.884 -0.468 0 0.468 0.884 ]
LKnee [ 0.088 0 -15.16 ] [ 1 0 0 0 1 0 0 0 1 ]
LAnkle [ -0.357 0 -14.428 ] [ 1 0 0 0 0.915 0.404 0 -0.404 0.915 ]

frame 18
frame 19
RKnee [ 0.004 0 -15.03 ] [ 1 0.001 0 0 0.835 0.551 0 -0.551 0.835 ]

frame 20
frame 11
RKnee [ 0.004 0 -15.03 ] [ 1 0 0 0 0.855 0.518 0 -0.518 0.855 ]

frame 22
frame 23
Base [ 0 -0.202 40 ] [ 1 0 0 0 1 0 0 0 1 ]
Torso0 [ 0 0 0.5 ] [ 1 0 0 0 1 0 0 0 1 ]
RHip [ -6.497 0 -4.63 ] [ 1 0 0 0 1 0 0 0 1 ]
RKnee [ 0.004 0 -15.03 ] [ 1 0 0 0 1 0 0 0 1 ]
RAnkle [ 0 0 -14.434 ] [ 1 0 0 0 1 0 0 0 1 ]
LHip [ 6.249 0 -4.5 ] [ 1 0 0 0 1 0 0 0 1 ]
LKnee [ 0.088 0 -15.16 ] [ 1 0 0 0 1 0 0 0 1 ]
LAnkle [ -0.357 0 -14.428 ] [ 1 0 0 0 1 0 0 0 1 ]

frame 24
frame 25
frame 26
