frame 0
RShoulder [ -6.906 0 1.11 ] [ 0.648 0.015 0.761 0.012 -1 0.009 0.761 0.004 -0.648 ]
RElbow [ -14.156 0 0.08 ] [ 0.766 0.008 -0.643 0.008 1 0.022 0.643 -0.022 0.766 ]
LShoulder [ 7.058 0 0.87 ] [ 0.57 -0.005 -0.821 0.015 -1 0.017 -0.821 -0.022 -0.57 ]
LElbow [ 14.09 0 -0.08 ] [ 0.812 0.007 0.584 0.007 1 -0.02 -0.584 0.02 0.812 ]

frame 1
frame 2
frame 3
frame 4
frame 5
frame 6
frame 7
frame 8
frame 9
frame 10
frame 11
frame 12
frame 13
frame 14
frame 15
frame 16
frame 17
frame 18
frame 19
frame 20
frame 21

frame 22
frame 23
frame 24
frame 25
frame 26
frame 27
frame 28
frame 29
frame 30
frame 31
frame 32
frame 33
frame 34
frame 35
frame 36
frame 37
