frame 0
Base [ 0 3.266 40.984 ] [ 1 0 0 0 0.979 -0.202 0 0.202 0.979 ]
RShoulder [ -7.058 0 0.87 ] [ 0.813 0 0.583 0 1 0 -0.583 0 0.813 ]
RElbow [ -14.09 0 -0.08 ] [ 0.635 0 0.773 0 1 0 -0.773 0 0.635 ]
LShoulder [ 6.906 0 1.11 ] [ 0.739 0 -0.673 0 1 0 0.673 0 0.739 ]
LElbow [ 14.156 0 0.08 ] [ 0.682 0 -0.731 0 1 0 0.731 0 0.682 ]

frame 1
frame 2
Base [ 0 15.769 44.892 ] [ 1 0 0 0 0.915 -0.405 0 0.405 0.915 ]

frame 3
Base [ 0 29.786 50.73 ] [ 1 0 0 0 0.263 -0.965 0 0.965 0.263 ]

frame 4
Base [ 0 26.696 49.837 ] [ 1 0 0 0 -0.906 -0.424 0 0.424 -0.906 ]

frame 5
Base [ 0 28.345 37.548 ] [ 1 0 0 0 -0.865 0.502 0 -0.502 -0.865 ]

frame 6
frame 7
frame 8
Base [ 0 30.343 4.019 ] [ 1 0 0 0 0.062 0.998 0 -0.998 0.062 ]

