frame 0
LHip [ -4.2 -0.317 1.61 ] [ 0.998 -0.028 0.054 0.028 1 0.005 -0.055 -0.004 0.999 ]
LKnee [ 0.043 1.5 -16.38 ] [ 0.993 -0.013 -0.121 0.013 1 -0.002 0.121 0 0.993 ]
Spine [ 0 0 7 ] [ 1 0 0 0 1 0 0 0 1 ]
LShoulder [ -6.844 -0.85 -1.28 ] [ 0.123 0 0.992 -0.013 1 0.001 -0.992 -0.013 0.123 ]
RShoulder [ 6.813 0.003 -1.17 ] [ -0.017 0.003 -1 0.007 1 0.003 1 -0.007 -0.017 ]
RElbow [ 9.997 -0.061 0.87 ] [ 1 0 0 0 1 0 0 0 1 ]
RWrist [ 8 0 0 ] [ 1 0 0 0 1 0 0 0 1 ]

frame 1
frame 2
RShoulder [ 6.813 0.003 -1.17 ] [ -0.157 0.722 -0.674 -0.366 0.592 0.718 0.917 0.359 0.172 ]

frame 3
frame 4
frame 5
LHip [ -4.2 -0.317 1.61 ] [ 0.993 -0.072 -0.098 0.071 0.997 -0.01 0.099 0.003 0.995 ]
LKnee [ 0.043 1.499 -16.38 ] [ 0.989 0.012 0.149 -0.013 1 0.009 -0.149 -0.01 0.989 ]
RHip [ 3.867 -0.265 1.35 ] [ 0.998 -0.019 -0.065 0.019 1 -0.004 0.065 0.003 0.998 ]
RKnee [ 0.21 1.89 -15.78 ] [ 0.985 -0.006 0.172 0.006 1 0.002 -0.172 0 0.985 ]
Spine [ 0 0 7 ] [ 0.981 0.013 0.195 -0.015 1 0.009 -0.195 -0.012 0.981 ]
Spine2 [ 0 0 7 ] [ 0.987 -0.014 0.159 0.015 1 -0.004 -0.159 0.006 0.987 ]
LShoulder [ -6.844 -0.85 -1.28 ] [ 0.42 -0.005 0.907 -0.035 1 0.022 -0.907 -0.041 0.42 ]
RShoulder [ 6.813 0.003 -1.17 ] [ -0.255 0.617 -0.744 -0.674 0.439 0.594 0.694 0.653 0.304 ]
RElbow [ 9.997 -0.061 0.87 ] [ 0.184 -0.366 -0.912 -0.902 0.306 -0.304 0.391 0.879 -0.274 ]

frame 6
RKnee [ 0.21 1.89 -15.78 ] [ 0.991 -0.004 0.131 0.003 1 0.001 -0.131 0 0.991 ]
LShoulder [ -6.844 -0.85 -1.28 ] [ 0.361 -0.006 0.932 -0.031 1 0.019 -0.932 -0.035 0.361 ]

frame 7
RShoulder [ 6.813 0.003 -1.17 ] [ 0.803 -0.008 -0.596 -0.593 0.098 -0.799 0.065 0.995 0.074 ]
RElbow [ 10.006 -0.017 0.966 ] [ 0.124 0.713 0.726 0.981 -0.191 0.021 0.147 0.674 -0.687 ]

frame 8
RElbow [ 10.004 -0.023 0.952 ] [ 0.323 0.502 0.803 -0.822 0.569 -0.026 -0.47 -0.651 0.596 ]

frame 9
LKnee [ 0.043 1.5 -16.38 ] [ 1 -0.002 -0.016 0.002 1 0.002 0.016 -0.002 1 ]

frame 10
RShoulder [ 6.813 0.003 -1.17 ] [ 0.917 -0.183 -0.355 -0.123 0.716 -0.688 0.38 0.674 0.634 ]

frame 11
frame 12
LHip [ -4.2 -0.317 1.61 ] [ 0.997 -0.024 0.071 0.023 1 0.006 -0.071 -0.004 0.997 ]
LKnee [ 0.043 1.5 -16.38 ] [ 0.991 -0.013 -0.134 0.013 1 -0.002 0.134 0 0.991 ]
RHip [ 3.867 -0.265 1.35 ] [ 0.998 0.017 0.058 -0.017 1 0.003 -0.058 -0.004 0.998 ]
RKnee [ 0.21 1.89 -15.78 ] [ 1 -0.007 -0.017 0.007 1 0.002 0.017 -0.002 1 ]
Spine [ 0 0 7 ] [ 0.945 -0.026 -0.325 0.02 1 -0.021 0.325 0.014 0.946 ]
LShoulder [ -6.844 -0.85 -1.28 ] [ -0.016 -0.011 1 0.002 1 0.011 -1 0.002 -0.016 ]
RShoulder [ 6.813 0.003 -1.17 ] [ 0.934 -0.229 0.272 0.073 0.872 0.485 -0.348 -0.433 0.831 ]

frame 13
RKnee [ 0.21 1.89 -15.78 ] [ 1 -0.011 -0.023 0.011 1 0.002 0.023 -0.002 1 ]

frame 14
LKnee [ 0.043 1.5 -16.38 ] [ 0.991 -0.014 -0.136 0.014 1 -0.003 0.137 0 0.991 ]

frame 15
LShoulder [ -6.844 -0.85 -1.28 ] [ 0.095 -0.002 0.995 -0.011 1 0.003 -0.995 -0.011 0.095 ]
RShoulder [ 6.813 0.003 -1.17 ] [ 0.543 0.819 0.183 -0.834 0.503 0.227 0.093 -0.276 0.957 ]
RElbow [ 9.997 -0.061 0.87 ] [ 0.951 0.31 -0.015 -0.198 0.567 -0.8 -0.239 0.763 0.6 ]
RWrist [ 8 0 0 ] [ 1 0 0 0 1 0 0 0 1 ]

