frame 0
frame 1
frame 2
auto-2 [ -13.793 4.745 1.269 ] [ 0.808 -0.5 -0.327 0.585 0.615 0.538 -0.074 -0.61 0.777 ]
auto-5 [ 15.345 5.036 1.429 ] [ 1 0 0.008 0 1 0.05 -0.007 -0.044 0.999 ]

frame 3
frame 4
auto-1 [ -9.528 -1.088 0.565 ] [ 0.676 -0.404 0.616 0.513 0.858 0 -0.529 0.316 0.788 ]
auto-4 [ 8.482 -0.749 0.823 ] [ 0.709 0.299 -0.639 -0.426 0.903 -0.051 0.562 0.308 0.768 ]
auto-5 [ 15.345 5.033 1.416 ] [ 0.866 0.436 -0.244 -0.486 0.847 -0.213 0.114 0.304 0.946 ]

frame 5
frame 6
frame 7
frame 8
frame 9
auto-1 [ -9.528 -1.088 0.565 ] [ 0.727 0 -0.687 0 1 0 0.687 0 0.727 ]
auto-2 [ -13.786 4.723 1.082 ] [ 1 0 0 0 1 0 0 0 1 ]
auto-4 [ 8.482 -0.749 0.823 ] [ 0.718 -0.113 0.687 0.062 0.993 0.099 -0.693 -0.029 0.72 ]
auto-5 [ 15.344 5.027 1.382 ] [ 1 0 0 0 1 0 0 0 1 ]

