frame 0
frame 1
frame 2
auto-2 [ -13.793 4.745 1.268 ] [ 0.973 -0.162 0.155 0.137 0.979 0.168 -0.186 -0.12 0.974 ]
auto-5 [ 15.345 5.036 1.429 ] [ 1 0 0.016 -0.002 0.996 0.099 -0.015 -0.093 0.995 ]

frame 3
frame 4
auto-0 [ -0.237 0.204 4.171 ] [ 1 0 0 0 1 0 0 0 1 ]
auto-1 [ -9.528 -1.088 0.565 ] [ 0.676 -0.404 0.616 0.513 0.858 0 -0.529 0.316 0.788 ]
auto-2 [ -13.786 4.723 1.081 ] [ 0.735 -0.529 0.425 0.606 0.793 -0.062 -0.304 0.303 0.903 ]
auto-4 [ 8.482 -0.749 0.823 ] [ 0.709 0.299 -0.639 -0.426 0.903 -0.051 0.562 0.308 0.768 ]
auto-5 [ 15.345 5.033 1.416 ] [ 0.866 0.436 -0.244 -0.486 0.847 -0.213 0.114 0.304 0.946 ]
auto-7 [ -0.619 8.33 0.027 ] [ 1 0.037 0.005 -0.033 0.939 -0.343 -0.018 0.342 0.939 ]
auto-9 [ -0.182 -7.324 1.076 ] [ 1 -0.012 0.007 0.011 0.988 0.154 -0.009 -0.154 0.988 ]

frame 5
auto-7 [ -0.619 8.33 0.027 ] [ 0.998 0.062 0.014 -0.057 0.976 -0.212 -0.027 0.21 0.977 ]

frame 6
frame 7
frame 8
auto-0 [ -0.148 0.299 3.111 ] [ 1 0 0 0 1 0 0 0 1 ]

frame 9
auto-0 [ -0.126 0.323 2.846 ] [ 1 0 0 0 1 0 0 0 1 ]
auto-1 [ -9.528 -1.088 0.565 ] [ 0.669 0.284 -0.687 -0.391 0.92 0 0.632 0.269 0.727 ]
auto-2 [ -13.786 4.723 1.082 ] [ 0.977 0.215 0.013 -0.214 0.963 0.166 0.023 -0.165 0.986 ]
auto-4 [ 8.482 -0.749 0.823 ] [ 0.637 -0.35 0.687 0.396 0.913 0.099 -0.662 0.209 0.72 ]
auto-5 [ 15.344 5.027 1.382 ] [ 1 0 0 0 1 0 0 0 1 ]
auto-7 [ -0.619 8.33 0.027 ] [ 0.986 0.159 0.049 -0.166 0.93 0.327 0.006 -0.331 0.944 ]
auto-9 [ -0.182 -7.324 1.076 ] [ 1 0 0 0 1 0 0 0 1 ]

