frame 0
Base [ 0 -0.202 40 ] [ 1 0 0 0 1 0 0 0 1 ]
Torso1 [ 0 0 8.72 ] [ 1 0 0 0 1 0 0 0 1 ]
RShoulder [ -7.058 0 0.87 ] [ 0.485 0 0.875 0 1 0 -0.875 0 0.485 ]
RElbow [ -14.09 0 -0.08 ] [ 0.945 0 0.328 0 1 0 -0.328 0 0.945 ]
LShoulder [ 6.906 0 1.11 ] [ 0.658 0 -0.753 0 1 0 0.753 0 0.658 ]
LElbow [ 14.156 0 0.08 ] [ 0.872 0 -0.49 0 1 0 0.49 0 0.872 ]
RHip [ -6.497 0 -4.63 ] [ 1 0 0 0 1 0 0 0 1 ]
RKnee [ 0.004 0 -15.03 ] [ 1 0 0 0 1 0 0 0 1 ]
LHip [ 6.249 0 -4.5 ] [ 1 0 0 0 1 0 0 0 1 ]
LKnee [ 0.088 0 -15.16 ] [ 1 0 0 0 1 0 0 0 1 ]

frame 1
frame 2
frame 3
frame 4
Torso1 [ 0 0 8.72 ] [ 0.998 0.006 0.056 0.006 0.975 -0.224 -0.056 0.224 0.973 ]
RHip [ -6.497 0 -4.63 ] [ 1 0 0 0 0.976 0.216 0 -0.216 0.976 ]
LHip [ 6.249 0 -4.5 ] [ 1 0 0 0 0.98 -0.201 0 0.201 0.98 ]

frame 5
frame 6
frame 7
frame 8
frame 9
Torso1 [ 0 0 8.72 ] [ 0.995 0.022 -0.099 0.019 0.917 0.398 0.099 -0.398 0.912 ]
RHip [ -6.497 0 -4.63 ] [ 1 0 0 0 0.998 -0.058 0 0.058 0.998 ]
LHip [ 6.249 0 -4.5 ] [ 1 0 0 0 0.994 0.111 0 -0.111 0.994 ]

frame 10
frame 11
frame 12
frame 13
frame 14
Base [ 0 -0.202 40 ] [ 1 0 0 0 1 0 0 0 1 ]

frame 15
frame 16
frame 17
Base [ 0 -30.121 30.636 ] [ 1 0 0 0 0.589 0.808 0 -0.808 0.589 ]

frame 18
frame 19
Base [ 0 -39.17 5.572 ] [ 1 0 0 0 0.003 1 0 -1 0.003 ]
LHip [ 6.249 0 -4.5 ] [ 1 0 0 0 1 0.01 0 -0.01 1 ]

