frame 0
Torso1 [ 0 0 8.72 ] [ 1 0 0 0 0.969 0.248 0 -0.248 0.969 ]
RShoulder [ -7.058 0 0.87 ] [ 0.56 0.655 0.507 -0.828 0.443 0.343 0 -0.612 0.791 ]
RElbow [ -14.09 0 -0.08 ] [ 0.77 0.638 0.018 -0.634 0.768 -0.084 -0.067 0.053 0.996 ]
RWrist [ -14.06 0 0 ] [ 0.665 0.7 0.259 -0.732 0.68 0.042 -0.147 -0.218 0.965 ]
LShoulder [ 6.906 0 1.11 ] [ 0.541 -0.619 -0.569 0.841 0.399 0.366 0 -0.677 0.736 ]
LElbow [ 14.156 0 0.08 ] [ 0.763 -0.647 0.018 0.647 0.761 -0.051 0.019 0.051 0.999 ]
LWrist [ 13.78 0 -0.4 ] [ 0.884 -0.467 0.024 0.468 0.884 -0.016 -0.013 0.026 1 ]

