frame 0
RShoulder [ -7.058 0 0.87 ] [ 0.674 0 0.738 0 1 0 -0.738 0 0.674 ]
LShoulder [ 6.906 0 1.11 ] [ 0.673 0 -0.739 0 1 0 0.739 0 0.673 ]

frame 1
frame 2
frame 3
frame 4
frame 5
frame 6
frame 7
frame 8
frame 9
Torso1 [ 0 0 8.72 ] [ 1 0 -0.036 0.017 0.875 0.484 0.032 -0.485 0.874 ]
RShoulder [ -7.058 0 0.87 ] [ 0.384 0.85 0.361 -0.869 0.465 -0.169 -0.312 -0.249 0.917 ]
RElbow [ -14.09 0 -0.08 ] [ 0.699 0.715 0 -0.704 0.688 0.175 0.125 -0.122 0.985 ]
RWrist [ -14.06 0 0 ] [ 0.861 0.508 0.002 -0.508 0.861 0.034 0.016 -0.03 1 ]
LShoulder [ 6.906 0 1.11 ] [ 0.407 -0.913 -0.024 0.912 0.405 0.067 -0.051 -0.049 0.997 ]
LElbow [ 14.156 0 0.08 ] [ 0.722 -0.68 -0.124 0.677 0.732 -0.073 0.14 -0.031 0.99 ]
LWrist [ 13.78 0 -0.4 ] [ 0.755 -0.646 -0.111 0.645 0.762 -0.048 0.115 -0.035 0.993 ]

frame 10
frame 11
frame 12
frame 13
frame 14
frame 15
frame 16
frame 17
frame 18
frame 19
Torso1 [ 0 0 8.72 ] [ 0.696 -0.718 -0.024 0.634 0.599 0.489 -0.337 -0.355 0.872 ]
Neck [ 0.003 0 5.07 ] [ 0.769 -0.638 0.036 0.638 0.77 0.014 -0.036 0.012 1 ]
RShoulder [ -7.058 0 0.87 ] [ 0.326 0.759 0.564 -0.838 0.508 -0.2 -0.438 -0.407 0.801 ]
RElbow [ -14.09 0 -0.078 ] [ 0.714 0.693 0.097 -0.699 0.7 0.143 0.031 -0.17 0.985 ]
RWrist [ -14.063 -0.01 -0.007 ] [ 0.85 0.523 0.062 -0.524 0.852 -0.009 -0.058 -0.025 0.998 ]
LShoulder [ 6.906 0 1.11 ] [ 0.437 -0.82 -0.371 0.886 0.463 0.02 0.156 -0.337 0.929 ]
LElbow [ 14.156 0 0.08 ] [ 0.698 -0.69 -0.19 0.675 0.723 -0.147 0.239 -0.026 0.971 ]
LWrist [ 13.78 0 -0.4 ] [ 0.786 -0.61 -0.097 0.6 0.792 -0.113 0.146 0.031 0.989 ]

frame 20
frame 21
frame 22
frame 23
frame 24
frame 25
frame 26
frame 27
frame 28
frame 29
Torso1 [ 0 0 8.72 ] [ 1 0.02 -0.027 -0.003 0.863 0.505 0.033 -0.504 0.863 ]
Neck [ 0.003 0 5.07 ] [ 0.591 0.802 -0.088 -0.807 0.583 -0.094 -0.024 0.127 0.992 ]
RShoulder [ -7.058 0 0.87 ] [ 0.254 0.82 0.514 -0.825 0.46 -0.327 -0.505 -0.341 0.793 ]
RElbow [ -14.092 0 -0.076 ] [ 0.793 0.588 0.159 -0.605 0.791 0.09 -0.073 -0.167 0.983 ]
RWrist [ -14.068 -0.019 -0.014 ] [ 0.894 0.438 0.089 -0.439 0.898 -0.01 -0.085 -0.03 0.996 ]
LShoulder [ 7.235 0.328 0.711 ] [ 0.443 -0.785 -0.433 0.806 0.56 -0.19 0.392 -0.265 0.881 ]
LElbow [ 14.155 0.002 -0.355 ] [ 0.773 -0.626 -0.101 0.613 0.696 0.373 -0.164 -0.35 0.922 ]
LWrist [ 13.782 0 -0.401 ] [ 0.779 -0.626 -0.031 0.602 0.761 -0.243 0.176 0.171 0.969 ]

frame 30
frame 31
frame 32
frame 33
frame 34
frame 35
frame 36
frame 37
frame 38
frame 39
Torso1 [ 0 0 8.72 ] [ 0.864 0.503 -0.029 -0.423 0.755 0.501 0.273 -0.421 0.865 ]

frame 40
frame 41
frame 42
frame 43
frame 44
frame 45
frame 46
frame 47
frame 48
frame 49
Torso1 [ 0 0 8.72 ] [ 1 0.002 -0.038 -0.002 1 -0.016 0.038 0.016 1 ]
Neck [ 0.003 0 5.07 ] [ 0.997 0.053 0.047 -0.05 0.996 -0.069 -0.051 0.067 0.996 ]
RShoulder [ -7.058 0 0.87 ] [ 0.465 0.075 0.882 -0.261 0.964 0.056 -0.846 -0.256 0.468 ]
RElbow [ -14.09 0 -0.071 ] [ 0.993 -0.062 0.103 0.052 0.994 0.101 -0.109 -0.095 0.99 ]
RWrist [ -14.072 -0.039 -0.025 ] [ 0.985 0.135 0.117 -0.134 0.992 0.016 -0.112 -0.018 0.992 ]
LShoulder [ 6.906 0 1.11 ] [ 0.394 0.061 -0.917 0.137 0.983 0.124 0.909 -0.175 0.379 ]
LElbow [ 14.156 0 0.08 ] [ 0.97 -0.114 -0.216 0.067 0.975 -0.213 0.235 0.192 0.953 ]
LWrist [ 13.78 0 -0.4 ] [ 1 0.02 0.027 -0.013 0.968 -0.249 -0.031 0.249 0.968 ]

frame 50
frame 51
frame 52
frame 53
frame 54
frame 55
frame 56
frame 57
frame 58
frame 59
Torso1 [ 0 0 8.72 ] [ 1 -0.005 -0.037 0.004 1 -0.019 0.037 0.019 1 ]
Neck [ 0.003 0 5.07 ] [ 0.991 -0.128 0.047 0.131 0.99 -0.051 -0.04 0.057 0.998 ]

frame 60
frame 61
frame 62
frame 63
frame 64
frame 65
frame 66
frame 67
frame 68
frame 69
frame 70
Torso1 [ 0 0 8.72 ] [ 1 -0.014 -0.034 0.012 0.998 -0.059 0.035 0.058 0.998 ]

