frame 0
Hip [ 0 0 34 ] [ 1 0 0 0 1 0 0 0 1 ]
LHip [ -4.2 -0.317 1.61 ] [ 0.999 0 0.045 0 1 0 -0.045 0 0.999 ]
LKnee [ 0.043 1.5 -16.38 ] [ 1 0 0 0 1 0 0 0 1 ]
RHip [ 3.867 -0.265 1.35 ] [ 0.998 0 -0.059 0 1 0 0.059 0 0.998 ]
RKnee [ 0.21 1.89 -15.78 ] [ 1 0 0 0 1 0 0 0 1 ]
Spine [ 0 0 7 ] [ 1 0 0 0 1 0 0 0 1 ]
Spine2 [ 0 0 7 ] [ 1 0 0 0 1 0 0 0 1 ]
LShoulder [ -6.844 -0.85 -1.28 ] [ 1 0 0 0 1 0 0 0 1 ]
LElbow [ -10.016 0 0.19 ] [ 1 -0.001 0.009 0.001 1 0 -0.009 0 1 ]
RShoulder [ 6.813 0.003 -1.17 ] [ 0.998 0.008 -0.056 -0.008 1 0 0.056 0.001 0.998 ]
RElbow [ 9.997 0 0 ] [ 0.998 -0.009 0.066 0.009 1 0.001 -0.066 0 0.998 ]
Head [ 0 0 6 ] [ 1 0 0 0 1 0 0 0 1 ]

frame 1
LElbow [ -10.016 0 0.19 ] [ 0.998 -0.012 0.069 0.006 0.997 0.078 -0.069 -0.077 0.995 ]
LWrist [ -8 0 0 ] [ 1 -0.022 -0.025 0.028 0.162 0.986 -0.018 -0.987 0.162 ]
RWrist [ 8 0 0 ] [ 1 0.015 0.015 -0.018 0.231 0.973 0.011 -0.973 0.231 ]

frame 2
frame 3
frame 4
LShoulder [ -6.844 -0.85 -1.28 ] [ 0.985 0.024 -0.173 -0.025 1 0 0.173 0.005 0.985 ]
LElbow [ -10.016 0 0.19 ] [ 0.968 -0.035 0.248 0.034 1 0.009 -0.248 0 0.969 ]
RShoulder [ 6.813 0.003 -1.17 ] [ 0.993 -0.017 0.117 0.016 1 0.003 -0.117 -0.001 0.993 ]
RElbow [ 9.997 0 0 ] [ 0.977 0.03 -0.213 -0.03 1 0 0.213 0.007 0.977 ]

frame 5
frame 6
frame 7
frame 8
frame 9
Hip [ 0 0 34 ] [ 1 0 0 0 1 0.044 0 -0.044 1 ]
LHip [ -4.2 -0.317 1.61 ] [ 1 0.002 0.041 -0.009 0.984 0.18 -0.04 -0.181 0.983 ]
LKnee [ 0.043 1.499 -16.38 ] [ 1 0 0 0 0.924 -0.382 0 0.382 0.924 ]
RHip [ 3.867 -0.265 1.35 ] [ 0.99 -0.006 -0.14 0.035 0.978 0.204 0.135 -0.207 0.969 ]
RKnee [ 0.21 1.89 -15.78 ] [ 0.995 0.024 0.094 0.018 0.905 -0.425 -0.095 0.424 0.9 ]
Spine [ 0 0 7 ] [ 1 0 0 0 0.988 -0.151 0 0.151 0.988 ]
Spine2 [ 0 0 7 ] [ 1 0.003 -0.012 -0.003 1 0 0.012 0 1 ]
Neck [ 0 0 6 ] [ 1 0 0 0 0.99 0.144 0 -0.144 0.99 ]
LShoulder [ -6.844 -0.85 -1.28 ] [ 0.986 0.09 -0.14 -0.091 0.996 0 0.139 0.013 0.99 ]
RShoulder [ 6.813 0.003 -1.17 ] [ 0.994 -0.075 0.083 0.075 0.997 0.002 -0.083 0.004 0.997 ]

frame 10
frame 11
frame 12
frame 13
frame 14
LElbow [ -10.016 0 0.19 ] [ 0.998 -0.019 0.06 0.019 1 0.008 -0.061 -0.007 0.998 ]
RElbow [ 9.997 0 0 ] [ 1 0.01 0.037 -0.01 1 -0.006 -0.037 0.005 1 ]
Head [ 0 0 6 ] [ 0.992 -0.107 -0.062 0.095 0.982 -0.166 0.078 0.159 0.984 ]

frame 15
frame 16
frame 17
frame 18
frame 19
Spine [ 0 0 7 ] [ 0.997 -0.002 -0.08 -0.005 0.997 -0.079 0.08 0.079 0.994 ]
Spine2 [ 0 0 7 ] [ 0.996 -0.005 0.085 0.005 1 0 -0.085 0 0.996 ]

frame 20
Head [ 0 0 6 ] [ 0.997 -0.067 -0.039 0.062 0.993 -0.104 0.045 0.101 0.994 ]

frame 21
frame 22
frame 23
frame 24
frame 25
frame 26
frame 27
frame 28
frame 29
