frame 0
frame 1
frame 2
Spine [ 0 0 7 ] [ 1 0.002 0.003 -0.002 0.999 0.048 -0.003 -0.048 0.999 ]
Spine2 [ 0 0 7 ] [ 1 -0.003 -0.005 0.003 0.997 -0.078 0.006 0.078 0.997 ]
LShoulder [ -7 0 0 ] [ 0.04 -0.695 0.718 0.86 0.39 0.33 -0.509 0.604 0.613 ]
LElbow [ -10 0 0 ] [ 0.807 -0.442 0.391 0.502 0.862 -0.062 -0.309 0.246 0.919 ]
RShoulder [ 7 0 0 ] [ 0.448 0.365 -0.816 -0.876 0.361 -0.32 0.178 0.858 0.482 ]
RElbow [ 10 0 0 ] [ 0.725 0.607 0.325 -0.683 0.693 0.232 -0.085 -0.39 0.917 ]
Head [ 0 0 6 ] [ 1 0 0 0 1 0 0 0 1 ]

frame 3
frame 4
frame 5
frame 6
LElbow [ -10 0 0.003 ] [ 0.806 -0.445 0.393 0.505 0.861 -0.068 -0.31 0.245 0.917 ]

frame 7
frame 8
frame 9
Spine [ 0 0 7 ] [ 1 -0.017 -0.022 0.008 0.937 -0.35 0.027 0.35 0.937 ]
Spine2 [ 0 0 7 ] [ 1 -0.008 -0.013 0.005 0.981 -0.196 0.014 0.195 0.981 ]
LShoulder [ -7 0 0 ] [ 0.427 0.154 0.891 0.027 0.983 -0.183 -0.904 0.102 0.415 ]
RShoulder [ 7 0 0 ] [ 0.364 -0.403 -0.84 0.307 0.903 -0.301 0.879 -0.148 0.452 ]
Head [ 0 0 6 ] [ 1 -0.005 0.024 0.016 0.865 -0.501 -0.018 0.501 0.865 ]

