frame 0
Hip [ 0 0 34 ] [ 1 0 0 0 1 0 0 0 1 ]
LHip [ -4.2 -0.317 1.61 ] [ 1 0 0 0 1 0 0 0 1 ]
LKnee [ 0.043 1.5 -16.38 ] [ 1 0 0 0 1 0 0 0 1 ]
LAnkle [ -0.078 -1.121 -15.004 ] [ 1 0 0 0 1 0 0 0 1 ]
RHip [ 3.867 -0.265 1.35 ] [ 1 0 0 0 1 0 0 0 1 ]
RKnee [ 0.21 1.89 -15.78 ] [ 1 0 0 0 1 0 0 0 1 ]
RAnkle [ 0.059 -1.132 -15 ] [ 1 0 0 0 1 0 0 0 1 ]
Spine [ 0 0 7 ] [ 1 0 0 0 1 0 0 0 1 ]
Spine2 [ 0 0 7 ] [ 1 0 0.001 0 1 0 -0.001 0 1 ]
Neck [ 0 0 6 ] [ 1 0 0 0 1 0 0 0 1 ]
LShoulder [ -6.844 -0.85 -1.28 ] [ 1 0 0 0 1 0 0 0 1 ]
LElbow [ -10.086 0.924 1.17 ] [ 1 0 0 0 1 0 0 0 1 ]
LWrist [ -8 0 0 ] [ 1 0 0 0 1 0 0 0 1 ]
RShoulder [ 6.813 0.003 -1.17 ] [ 1 0 0 0 1 0 0 0 1 ]
RElbow [ 9.997 -0.061 0.87 ] [ 1 0 0 0 1 0 0 0 1 ]
RWrist [ 8 0 0 ] [ 1 0 0 0 1 0 0 0 1 ]
Head [ 0 0 6 ] [ 1 0 0 0 1 0 0 0 1 ]
LAttach [ -4 0 0 ] [ 1 0 0 0 1 0 0 0 1 ]
RAttach [ 4 0 0 ] [ 1 0 0 0 1 0 0 0 1 ]

frame 1
frame 2
frame 3
frame 4
Hip [ 3.073 -24.828 29.89 ] [ 0.977 0.186 -0.103 -0.051 0.675 0.736 0.207 -0.714 0.669 ]
LHip [ -4.2 -0.316 1.61 ] [ 0.998 -0.051 0.039 0.06 0.95 -0.307 -0.021 0.308 0.951 ]
RHip [ 3.867 -0.265 1.35 ] [ 0.997 -0.06 0.049 0.074 0.925 -0.372 -0.023 0.374 0.927 ]
Spine [ 0 0 7 ] [ 0.991 0.125 0.041 -0.12 0.74 0.662 0.052 -0.661 0.749 ]
Neck [ 0 0 6 ] [ 0.997 0.071 0.032 -0.078 0.934 0.348 -0.005 -0.35 0.937 ]

frame 5
Hip [ 4.721 -27.404 17.912 ] [ 0.956 0.276 -0.098 0.007 0.315 0.949 0.293 -0.908 0.299 ]

frame 6
Hip [ 5.665 -31.372 14.021 ] [ 0.96 0.264 -0.097 0.03 0.247 0.968 0.279 -0.932 0.23 ]

frame 7
frame 8
frame 9
Hip [ 8.498 -43.273 2.35 ] [ 0.97 0.226 -0.089 0.08 0.048 0.996 0.23 -0.973 0.029 ]

