frame 0
LHip [ -4 0 0 ] [ 1 -0.015 0.011 0.011 0.953 0.304 -0.015 -0.304 0.953 ]
LKnee [ 0 0 -15 ] [ 1 0.006 0.003 -0.005 0.936 -0.351 -0.005 0.351 0.936 ]
LAnkle [ 0 0 -15 ] [ 1 -0.008 -0.002 0.008 0.996 0.085 0 -0.085 0.996 ]
RHip [ 4 0 0 ] [ 0.985 -0.068 0.157 0.058 0.996 0.062 -0.161 -0.052 0.986 ]
RKnee [ 0 0 -15 ] [ 0.985 0.172 -0.021 -0.166 0.902 -0.398 -0.049 0.396 0.917 ]
Spine [ 0 0 7 ] [ 0.985 -0.048 0.163 0.065 0.993 -0.101 -0.157 0.111 0.981 ]
Spine2 [ 0 0 7 ] [ 0.995 0.039 -0.094 -0.041 1 -0.016 0.093 0.02 0.995 ]

frame 1
Spine [ 0 0 7 ] [ 0.989 -0.044 0.143 0.058 0.994 -0.094 -0.138 0.101 0.985 ]
Spine2 [ 0 0 7 ] [ 0.996 0.033 -0.078 -0.035 1 -0.022 0.077 0.025 0.997 ]
Jaw [ 0.116 0.977 1.915 ] [ 0.989 -0.109 -0.104 0.15 0.785 0.602 0.016 -0.61 0.792 ]

frame 2
frame 3
frame 4
LHip [ -4 0 0 ] [ 1 -0.025 -0.027 0.027 0.996 0.09 0.025 -0.091 0.996 ]
LKnee [ 0 0 -15 ] [ 1 -0.006 -0.02 -0.004 0.877 -0.481 0.021 0.481 0.877 ]
RHip [ 4 0 0 ] [ 0.998 0.001 0.063 -0.021 0.95 0.313 -0.059 -0.313 0.948 ]
RKnee [ 0 0 -15 ] [ 0.982 0.136 -0.132 -0.189 0.736 -0.649 0.009 0.663 0.749 ]
RAnkle [ 0 0 -15 ] [ 0.996 -0.034 0.084 0.013 0.973 0.23 -0.09 -0.228 0.97 ]

frame 5
frame 6
frame 7
frame 8
frame 9
LKnee [ 0 0 -15 ] [ 1 0.01 -0.008 -0.012 0.643 -0.766 -0.002 0.766 0.643 ]
RHip [ 4 0 0 ] [ 0.994 -0.013 0.11 -0.048 0.841 0.538 -0.1 -0.54 0.836 ]
RKnee [ 0 0 -15 ] [ 0.986 0.168 -0.019 -0.162 0.905 -0.393 -0.049 0.391 0.919 ]
RAnkle [ 0 0 -15 ] [ 0.994 0.012 -0.111 -0.044 0.956 -0.29 0.103 0.293 0.951 ]
Spine [ 0 0 7 ] [ 1 0.014 -0.019 -0.015 0.998 -0.066 0.018 0.066 0.998 ]
Spine2 [ 0 0 7 ] [ 1 -0.02 0.048 0.023 0.997 -0.07 -0.047 0.071 0.996 ]
LShoulder [ -7 0 0 ] [ 0.219 -0.179 0.959 -0.012 0.982 0.186 -0.976 -0.052 0.213 ]
RShoulder [ 7 0 0 ] [ 0.108 -0.181 -0.978 -0.187 0.962 -0.199 0.976 0.205 0.07 ]
Jaw [ -0.037 1.435 0.862 ] [ 0.997 -0.079 -0.002 0.079 0.991 0.109 -0.007 -0.108 0.994 ]

frame 10
frame 11
frame 12
Jaw [ 0.009 1.298 1.178 ] [ 0.996 -0.088 -0.033 0.093 0.959 0.267 0.008 -0.269 0.963 ]

frame 13
frame 14
LHip [ -4 0 0 ] [ 0.99 0.026 -0.138 0.032 0.916 0.4 0.137 -0.401 0.906 ]
LKnee [ 0 0 -15 ] [ 1 -0.015 -0.008 0.013 0.987 -0.158 0.01 0.158 0.987 ]
Spine [ 0 0 7 ] [ 0.992 0.05 -0.12 -0.053 0.998 -0.02 0.119 0.026 0.993 ]
Spine2 [ 0 0 7 ] [ 0.99 -0.056 0.126 0.053 0.998 0.028 -0.128 -0.021 0.992 ]
LShoulder [ -7 0 0 ] [ 0.193 -0.016 0.981 0.026 1 0.011 -0.981 0.023 0.194 ]
RShoulder [ 7 0 0 ] [ 0.138 0.019 -0.99 -0.206 0.978 -0.01 0.969 0.205 0.139 ]

frame 15
frame 16
frame 17
frame 18
frame 19
LHip [ -4 0 0 ] [ 1 -0.017 0.008 0.014 0.948 0.317 -0.013 -0.317 0.948 ]
LKnee [ 0 0 -15 ] [ 1 0.014 -0.001 -0.013 0.87 -0.493 -0.006 0.493 0.87 ]
LAnkle [ 0 0 -15 ] [ 1 0 0 0 1 0.013 0 -0.013 1 ]
RHip [ 4 0 0 ] [ 0.981 -0.074 0.178 0.055 0.992 0.113 -0.185 -0.101 0.978 ]
LShoulder [ -7 0 0 ] [ 0.157 -0.195 0.968 0.001 0.98 0.198 -0.988 -0.03 0.154 ]
RShoulder [ 7 0 0 ] [ 0.074 0.01 -0.997 -0.234 0.972 -0.008 0.969 0.234 0.075 ]
Jaw [ 0.116 0.978 1.915 ] [ 0.989 -0.109 -0.104 0.15 0.785 0.602 0.016 -0.61 0.792 ]

